2020,保險業,5,0,4,1,0.0,80.0,20.0
2020,光電業,335,94,173,68,28.06,51.64,20.3
2020,其他業,277,86,106,85,31.05,38.27,30.69
2020,其他電子業,194,59,105,30,30.41,54.12,15.46
2020,化學工業,71,18,42,11,25.35,59.15,15.49
2020,半導體業,454,158,215,81,34.8,47.36,17.84
2020,塑膠工業,39,10,20,9,25.64,51.28,23.08
2020,建材營造業,140,24,74,42,17.14,52.86,30.0
2020,文化創意業,122,32,50,40,26.23,40.98,32.79
2020,橡膠工業,7,2,5,0,28.57,71.43,0.0
2020,水泥工業,2,1,1,0,50.0,50.0,0.0
2020,汽車工業,57,22,30,5,38.6,52.63,8.77
2020,油電燃氣業,26,2,11,13,7.69,42.31,50.0
2020,玻璃陶瓷,5,2,3,0,40.0,60.0,0.0
2020,生技醫療業,292,122,133,37,41.78,45.55,12.67
2020,紡織纖維,145,35,58,52,24.14,40.0,35.86
2020,航運業,35,6,15,14,17.14,42.86,40.0
2020,觀光事業,159,39,49,71,24.53,30.82,44.65
2020,證券業,1,0,1,0,0.0,100.0,0.0
2020,貿易百貨業,72,24,29,19,33.33,40.28,26.39
2020,資訊服務業,71,28,31,12,39.44,43.66,16.9
2020,農業科技業,4,1,1,2,25.0,25.0,50.0
2020,通信網路業,204,66,114,24,32.35,55.88,11.76
2020,造紙工業,8,0,8,0,0.0,100.0,0.0
2020,金控業,6,0,6,0,0.0,100.0,0.0
2020,銀行業,3,0,3,0,0.0,100.0,0.0
2020,鋼鐵工業,79,20,36,23,25.32,45.57,29.11
2020,電器電纜,21,10,10,1,47.62,47.62,4.76
2020,電子商務,15,7,7,1,46.67,46.67,6.67
2020,電子通路業,49,18,25,6,36.73,51.02,12.24
2020,電子零組件業,561,186,280,95,33.16,49.91,16.93
2020,電機機械,163,53,90,20,32.52,55.21,12.27
2020,電腦及週邊設備業,223,66,127,30,29.6,56.95,13.45
2020,食品工業,29,10,12,7,34.48,41.38,24.14
2019,保險業,30,6,3,21,20.0,10.0,70.0
2019,光電業,376,101,131,144,26.86,34.84,38.3
2019,其他業,465,96,130,239,20.65,27.96,51.4
2019,其他電子業,204,46,53,105,22.55,25.98,51.47
2019,化學工業,81,33,22,26,40.74,27.16,32.1
2019,半導體業,398,83,128,187,20.85,32.16,46.98
2019,塑膠工業,63,20,19,24,31.75,30.16,38.1
2019,建材營造業,243,49,67,127,20.16,27.57,52.26
2019,文化創意業,179,29,71,79,16.2,39.66,44.13
2019,橡膠工業,5,1,3,1,20.0,60.0,20.0
2019,水泥工業,1,0,1,0,0.0,100.0,0.0
2019,汽車工業,18,6,8,4,33.33,44.44,22.22
2019,油電燃氣業,119,15,32,72,12.61,26.89,60.5
2019,玻璃陶瓷,2,1,1,0,50.0,50.0,0.0
2019,生技醫療業,259,63,81,115,24.32,31.27,44.4
2019,紡織纖維,318,49,68,201,15.41,21.38,63.21
2019,航運業,48,2,6,40,4.17,12.5,83.33
2019,觀光事業,367,70,90,207,19.07,24.52,56.4
2019,證券業,3,2,1,0,66.67,33.33,0.0
2019,貿易百貨業,207,44,60,103,21.26,28.99,49.76
2019,資訊服務業,140,38,41,61,27.14,29.29,43.57
2019,農業科技業,0,0,0,0,0,0,0
2019,通信網路業,129,40,51,38,31.01,39.53,29.46
2019,造紙工業,3,2,1,0,66.67,33.33,0.0
2019,金控業,1,1,0,0,100.0,0.0,0.0
2019,銀行業,1,1,0,0,100.0,0.0,0.0
2019,鋼鐵工業,127,33,24,70,25.98,18.9,55.12
2019,電器電纜,12,4,2,6,33.33,16.67,50.0
2019,電子商務,53,20,13,20,37.74,24.53,37.74
2019,電子通路業,54,12,23,19,22.22,42.59,35.19
2019,電子零組件業,495,122,154,219,24.65,31.11,44.24
2019,電機機械,127,38,51,38,29.92,40.16,29.92
2019,電腦及週邊設備業,195,61,76,58,31.28,38.97,29.74
2019,食品工業,106,30,24,52,28.3,22.64,49.06
2018,保險業,32,6,4,22,18.75,12.5,68.75
2018,光電業,526,149,211,166,28.33,40.11,31.56
2018,其他業,525,118,156,251,22.48,29.71,47.81
2018,其他電子業,236,55,110,71,23.31,46.61,30.08
2018,化學工業,89,27,43,19,30.34,48.31,21.35
2018,半導體業,698,210,287,201,30.09,41.12,28.8
2018,塑膠工業,80,19,27,34,23.75,33.75,42.5
2018,建材營造業,258,66,77,115,25.58,29.84,44.57
2018,文化創意業,208,40,69,99,19.23,33.17,47.6
2018,橡膠工業,3,1,0,2,33.33,0.0,66.67
2018,水泥工業,1,1,0,0,100.0,0.0,0.0
2018,汽車工業,35,10,22,3,28.57,62.86,8.57
2018,油電燃氣業,81,11,19,51,13.58,23.46,62.96
2018,玻璃陶瓷,4,0,4,0,0.0,100.0,0.0
2018,生技醫療業,277,90,124,63,32.49,44.77,22.74
2018,紡織纖維,222,43,68,111,19.37,30.63,50.0
2018,航運業,84,14,25,45,16.67,29.76,53.57
2018,觀光事業,412,62,117,233,15.05,28.4,56.55
2018,證券業,9,0,6,3,0.0,66.67,33.33
2018,貿易百貨業,179,41,60,78,22.91,33.52,43.58
2018,資訊服務業,120,36,41,43,30.0,34.17,35.83
2018,農業科技業,8,3,4,1,37.5,50.0,12.5
2018,通信網路業,289,83,129,77,28.72,44.64,26.64
2018,造紙工業,4,0,4,0,0.0,100.0,0.0
2018,金控業,2,1,1,0,50.0,50.0,0.0
2018,銀行業,0,0,0,0,0,0,0
2018,鋼鐵工業,118,33,47,38,27.97,39.83,32.2
2018,電器電纜,25,7,13,5,28.0,52.0,20.0
2018,電子商務,22,9,13,0,40.91,59.09,0.0
2018,電子通路業,38,18,18,2,47.37,47.37,5.26
2018,電子零組件業,888,267,353,268,30.07,39.75,30.18
2018,電機機械,210,75,93,42,35.71,44.29,20.0
2018,電腦及週邊設備業,337,117,148,72,34.72,43.92,21.36
2018,食品工業,73,13,12,48,17.81,16.44,65.75
2017,保險業,25,6,7,12,24.0,28.0,48.0
2017,光電業,322,82,115,125,25.47,35.71,38.82
2017,其他業,315,75,77,163,23.81,24.44,51.75
2017,其他電子業,139,46,53,40,33.09,38.13,28.78
2017,化學工業,28,12,13,3,42.86,46.43,10.71
2017,半導體業,233,68,94,71,29.18,40.34,30.47
2017,塑膠工業,62,18,13,31,29.03,20.97,50.0
2017,建材營造業,243,54,58,131,22.22,23.87,53.91
2017,文化創意業,150,27,43,80,18.0,28.67,53.33
2017,橡膠工業,1,1,0,0,100.0,0.0,0.0
2017,水泥工業,0,0,0,0,0,0,0
2017,汽車工業,15,6,7,2,40.0,46.67,13.33
2017,油電燃氣業,85,15,17,53,17.65,20.0,62.35
2017,玻璃陶瓷,0,0,0,0,0,0,0
2017,生技醫療業,103,41,37,25,39.81,35.92,24.27
2017,紡織纖維,201,40,46,115,19.9,22.89,57.21
2017,航運業,80,9,25,46,11.25,31.25,57.5
2017,觀光事業,323,56,84,183,17.34,26.01,56.66
2017,證券業,0,0,0,0,0,0,0
2017,貿易百貨業,106,33,36,37,31.13,33.96,34.91
2017,資訊服務業,83,11,23,49,13.25,27.71,59.04
2017,農業科技業,3,2,0,1,66.67,0.0,33.33
2017,通信網路業,139,34,45,60,24.46,32.37,43.17
2017,造紙工業,3,1,1,1,33.33,33.33,33.33
2017,金控業,0,0,0,0,0,0,0
2017,銀行業,0,0,0,0,0,0,0
2017,鋼鐵工業,91,27,25,39,29.67,27.47,42.86
2017,電器電纜,20,4,7,9,20.0,35.0,45.0
2017,電子商務,15,4,9,2,26.67,60.0,13.33
2017,電子通路業,18,9,5,4,50.0,27.78,22.22
2017,電子零組件業,470,111,149,210,23.62,31.7,44.68
2017,電機機械,76,34,30,12,44.74,39.47,15.79
2017,電腦及週邊設備業,171,52,60,59,30.41,35.09,34.5
2017,食品工業,19,2,10,7,10.53,52.63,36.84
2016,保險業,33,3,10,20,9.09,30.3,60.61
2016,光電業,390,109,112,169,27.95,28.72,43.33
2016,其他業,344,62,80,202,18.02,23.26,58.72
2016,其他電子業,170,46,67,57,27.06,39.41,33.53
2016,化學工業,17,6,11,0,35.29,64.71,0.0
2016,半導體業,271,86,95,90,31.73,35.06,33.21
2016,塑膠工業,97,22,32,43,22.68,32.99,44.33
2016,建材營造業,349,69,98,182,19.77,28.08,52.15
2016,文化創意業,145,26,40,79,17.93,27.59,54.48
2016,橡膠工業,2,1,1,0,50.0,50.0,0.0
2016,水泥工業,0,0,0,0,0,0,0
2016,汽車工業,18,10,7,1,55.56,38.89,5.56
2016,油電燃氣業,95,7,12,76,7.37,12.63,80.0
2016,玻璃陶瓷,0,0,0,0,0,0,0
2016,生技醫療業,125,51,38,36,40.8,30.4,28.8
2016,紡織纖維,161,40,46,75,24.84,28.57,46.58
2016,航運業,72,10,13,49,13.89,18.06,68.06
2016,觀光事業,304,67,89,148,22.04,29.28,48.68
2016,證券業,2,1,1,0,50.0,50.0,0.0
2016,貿易百貨業,124,34,34,56,27.42,27.42,45.16
2016,資訊服務業,56,25,9,22,44.64,16.07,39.29
2016,農業科技業,1,1,0,0,100.0,0.0,0.0
2016,通信網路業,171,50,68,53,29.24,39.77,30.99
2016,造紙工業,1,0,1,0,0.0,100.0,0.0
2016,金控業,1,0,0,1,0.0,0.0,100.0
2016,銀行業,0,0,0,0,0,0,0
2016,鋼鐵工業,97,24,27,46,24.74,27.84,47.42
2016,電器電纜,14,4,8,2,28.57,57.14,14.29
2016,電子商務,25,8,9,8,32.0,36.0,32.0
2016,電子通路業,30,13,10,7,43.33,33.33,23.33
2016,電子零組件業,507,117,179,211,23.08,35.31,41.62
2016,電機機械,123,37,41,45,30.08,33.33,36.59
2016,電腦及週邊設備業,215,65,76,74,30.23,35.35,34.42
2016,食品工業,43,11,14,18,25.58,32.56,41.86
