2020,保險業,3,0,3,0,0.0,100.0,0.0
2020,光電業,198,73,96,29,36.87,48.48,14.65
2020,其他業,112,50,44,18,44.64,39.29,16.07
2020,其他電子業,113,41,61,11,36.28,53.98,9.73
2020,化學工業,44,22,16,6,50.0,36.36,13.64
2020,半導體業,260,114,119,27,43.85,45.77,10.38
2020,塑膠工業,19,5,7,7,26.32,36.84,36.84
2020,建材營造業,42,18,18,6,42.86,42.86,14.29
2020,文化創意業,53,19,23,11,35.85,43.4,20.75
2020,橡膠工業,8,3,5,0,37.5,62.5,0.0
2020,水泥工業,2,0,2,0,0.0,100.0,0.0
2020,汽車工業,35,11,22,2,31.43,62.86,5.71
2020,油電燃氣業,1,0,1,0,0.0,100.0,0.0
2020,玻璃陶瓷,2,0,2,0,0.0,100.0,0.0
2020,生技醫療業,255,123,94,38,48.24,36.86,14.9
2020,紡織纖維,77,23,24,30,29.87,31.17,38.96
2020,航運業,5,3,2,0,60.0,40.0,0.0
2020,觀光事業,53,25,12,16,47.17,22.64,30.19
2020,證券業,1,0,1,0,0.0,100.0,0.0
2020,貿易百貨業,35,13,19,3,37.14,54.29,8.57
2020,資訊服務業,35,18,14,3,51.43,40.0,8.57
2020,農業科技業,17,8,7,2,47.06,41.18,11.76
2020,通信網路業,106,44,50,12,41.51,47.17,11.32
2020,造紙工業,7,5,2,0,71.43,28.57,0.0
2020,金控業,5,1,4,0,20.0,80.0,0.0
2020,銀行業,2,0,1,1,0.0,50.0,50.0
2020,鋼鐵工業,18,7,10,1,38.89,55.56,5.56
2020,電器電纜,7,3,4,0,42.86,57.14,0.0
2020,電子商務,9,4,3,2,44.44,33.33,22.22
2020,電子通路業,23,9,11,3,39.13,47.83,13.04
2020,電子零組件業,290,116,136,38,40.0,46.9,13.1
2020,電機機械,72,40,29,3,55.56,40.28,4.17
2020,電腦及週邊設備業,137,55,69,13,40.15,50.36,9.49
2020,食品工業,16,6,9,1,37.5,56.25,6.25
2019,保險業,0,0,0,0,0,0,0
2019,光電業,364,166,132,66,45.6,36.26,18.13
2019,其他業,159,96,44,19,60.38,27.67,11.95
2019,其他電子業,146,66,64,16,45.21,43.84,10.96
2019,化學工業,25,10,11,4,40.0,44.0,16.0
2019,半導體業,415,207,167,41,49.88,40.24,9.88
2019,塑膠工業,26,14,11,1,53.85,42.31,3.85
2019,建材營造業,53,24,24,5,45.28,45.28,9.43
2019,文化創意業,76,42,28,6,55.26,36.84,7.89
2019,橡膠工業,2,1,1,0,50.0,50.0,0.0
2019,水泥工業,1,1,0,0,100.0,0.0,0.0
2019,汽車工業,39,27,12,0,69.23,30.77,0.0
2019,油電燃氣業,0,0,0,0,0,0,0
2019,玻璃陶瓷,5,0,3,2,0.0,60.0,40.0
2019,生技醫療業,188,96,65,27,51.06,34.57,14.36
2019,紡織纖維,76,33,26,17,43.42,34.21,22.37
2019,航運業,9,5,4,0,55.56,44.44,0.0
2019,觀光事業,55,30,17,8,54.55,30.91,14.55
2019,證券業,2,2,0,0,100.0,0.0,0.0
2019,貿易百貨業,23,10,11,2,43.48,47.83,8.7
2019,資訊服務業,100,53,41,6,53.0,41.0,6.0
2019,農業科技業,8,6,2,0,75.0,25.0,0.0
2019,通信網路業,238,131,90,17,55.04,37.82,7.14
2019,造紙工業,3,1,2,0,33.33,66.67,0.0
2019,金控業,0,0,0,0,0,0,0
2019,銀行業,0,0,0,0,0,0,0
2019,鋼鐵工業,31,18,8,5,58.06,25.81,16.13
2019,電器電纜,21,10,8,3,47.62,38.1,14.29
2019,電子商務,26,7,9,10,26.92,34.62,38.46
2019,電子通路業,41,29,11,1,70.73,26.83,2.44
2019,電子零組件業,535,270,208,57,50.47,38.88,10.65
2019,電機機械,119,55,49,15,46.22,41.18,12.61
2019,電腦及週邊設備業,265,149,95,21,56.23,35.85,7.92
2019,食品工業,34,9,9,16,26.47,26.47,47.06
2018,保險業,4,3,0,1,75.0,0.0,25.0
2018,光電業,494,251,180,63,50.81,36.44,12.75
2018,其他業,249,108,78,63,43.37,31.33,25.3
2018,其他電子業,204,90,87,27,44.12,42.65,13.24
2018,化學工業,66,36,24,6,54.55,36.36,9.09
2018,半導體業,626,311,246,69,49.68,39.3,11.02
2018,塑膠工業,29,17,7,5,58.62,24.14,17.24
2018,建材營造業,102,54,34,14,52.94,33.33,13.73
2018,文化創意業,82,37,29,16,45.12,35.37,19.51
2018,橡膠工業,9,8,0,1,88.89,0.0,11.11
2018,水泥工業,1,1,0,0,100.0,0.0,0.0
2018,汽車工業,41,25,15,1,60.98,36.59,2.44
2018,油電燃氣業,4,2,2,0,50.0,50.0,0.0
2018,玻璃陶瓷,4,2,2,0,50.0,50.0,0.0
2018,生技醫療業,377,189,153,35,50.13,40.58,9.28
2018,紡織纖維,121,55,45,21,45.45,37.19,17.36
2018,航運業,35,18,14,3,51.43,40.0,8.57
2018,觀光事業,69,30,21,18,43.48,30.43,26.09
2018,證券業,8,6,2,0,75.0,25.0,0.0
2018,貿易百貨業,41,19,18,4,46.34,43.9,9.76
2018,資訊服務業,82,38,30,14,46.34,36.59,17.07
2018,農業科技業,24,10,12,2,41.67,50.0,8.33
2018,通信網路業,231,119,83,29,51.52,35.93,12.55
2018,造紙工業,3,2,1,0,66.67,33.33,0.0
2018,金控業,1,0,1,0,0.0,100.0,0.0
2018,銀行業,3,2,0,1,66.67,0.0,33.33
2018,鋼鐵工業,105,50,40,15,47.62,38.1,14.29
2018,電器電纜,40,23,7,10,57.5,17.5,25.0
2018,電子商務,33,15,13,5,45.45,39.39,15.15
2018,電子通路業,54,32,18,4,59.26,33.33,7.41
2018,電子零組件業,863,428,326,109,49.59,37.78,12.63
2018,電機機械,183,86,80,17,46.99,43.72,9.29
2018,電腦及週邊設備業,396,178,138,80,44.95,34.85,20.2
2018,食品工業,26,12,5,9,46.15,19.23,34.62
2017,保險業,2,1,1,0,50.0,50.0,0.0
2017,光電業,586,311,202,73,53.07,34.47,12.46
2017,其他業,232,108,82,42,46.55,35.34,18.1
2017,其他電子業,196,103,78,15,52.55,39.8,7.65
2017,化學工業,57,30,21,6,52.63,36.84,10.53
2017,半導體業,541,282,212,47,52.13,39.19,8.69
2017,塑膠工業,20,9,9,2,45.0,45.0,10.0
2017,建材營造業,135,62,46,27,45.93,34.07,20.0
2017,文化創意業,96,47,41,8,48.96,42.71,8.33
2017,橡膠工業,6,2,4,0,33.33,66.67,0.0
2017,水泥工業,3,3,0,0,100.0,0.0,0.0
2017,汽車工業,60,33,22,5,55.0,36.67,8.33
2017,油電燃氣業,1,1,0,0,100.0,0.0,0.0
2017,玻璃陶瓷,4,3,1,0,75.0,25.0,0.0
2017,生技醫療業,166,70,81,15,42.17,48.8,9.04
2017,紡織纖維,153,68,53,32,44.44,34.64,20.92
2017,航運業,17,8,8,1,47.06,47.06,5.88
2017,觀光事業,63,35,18,10,55.56,28.57,15.87
2017,證券業,11,1,7,3,9.09,63.64,27.27
2017,貿易百貨業,32,15,11,6,46.88,34.38,18.75
2017,資訊服務業,60,36,20,4,60.0,33.33,6.67
2017,農業科技業,8,4,3,1,50.0,37.5,12.5
2017,通信網路業,208,105,78,25,50.48,37.5,12.02
2017,造紙工業,23,10,12,1,43.48,52.17,4.35
2017,金控業,0,0,0,0,0,0,0
2017,銀行業,0,0,0,0,0,0,0
2017,鋼鐵工業,56,26,27,3,46.43,48.21,5.36
2017,電器電纜,26,18,6,2,69.23,23.08,7.69
2017,電子商務,30,18,8,4,60.0,26.67,13.33
2017,電子通路業,41,22,15,4,53.66,36.59,9.76
2017,電子零組件業,707,359,269,79,50.78,38.05,11.17
2017,電機機械,207,95,82,30,45.89,39.61,14.49
2017,電腦及週邊設備業,269,137,95,37,50.93,35.32,13.75
2017,食品工業,13,7,4,2,53.85,30.77,15.38
2016,保險業,5,2,3,0,40.0,60.0,0.0
2016,光電業,421,197,168,56,46.79,39.9,13.3
2016,其他業,152,71,55,26,46.71,36.18,17.11
2016,其他電子業,217,94,97,26,43.32,44.7,11.98
2016,化學工業,59,28,22,9,47.46,37.29,15.25
2016,半導體業,406,212,152,42,52.22,37.44,10.34
2016,塑膠工業,17,9,5,3,52.94,29.41,17.65
2016,建材營造業,122,65,29,28,53.28,23.77,22.95
2016,文化創意業,115,55,48,12,47.83,41.74,10.43
2016,橡膠工業,9,6,3,0,66.67,33.33,0.0
2016,水泥工業,1,1,0,0,100.0,0.0,0.0
2016,汽車工業,42,22,20,0,52.38,47.62,0.0
2016,油電燃氣業,1,1,0,0,100.0,0.0,0.0
2016,玻璃陶瓷,3,2,0,1,66.67,0.0,33.33
2016,生技醫療業,162,92,52,18,56.79,32.1,11.11
2016,紡織纖維,73,28,25,20,38.36,34.25,27.4
2016,航運業,17,8,9,0,47.06,52.94,0.0
2016,觀光事業,63,31,21,11,49.21,33.33,17.46
2016,證券業,4,1,2,1,25.0,50.0,25.0
2016,貿易百貨業,47,27,11,9,57.45,23.4,19.15
2016,資訊服務業,60,32,17,11,53.33,28.33,18.33
2016,農業科技業,2,1,1,0,50.0,50.0,0.0
2016,通信網路業,273,129,101,43,47.25,37.0,15.75
2016,造紙工業,12,5,5,2,41.67,41.67,16.67
2016,金控業,1,0,1,0,0.0,100.0,0.0
2016,銀行業,0,0,0,0,0,0,0
2016,鋼鐵工業,62,33,21,8,53.23,33.87,12.9
2016,電器電纜,26,13,8,5,50.0,30.77,19.23
2016,電子商務,23,11,11,1,47.83,47.83,4.35
2016,電子通路業,52,22,24,6,42.31,46.15,11.54
2016,電子零組件業,494,240,198,56,48.58,40.08,11.34
2016,電機機械,157,79,61,17,50.32,38.85,10.83
2016,電腦及週邊設備業,294,157,105,32,53.4,35.71,10.88
2016,食品工業,53,30,7,16,56.6,13.21,30.19
