1020,合庫證券,0,1035,0,17504
1022,合庫-台南,0,798,0,7148
1023,合庫-高雄,0,975,0,11116
1024,合庫-嘉義,0,605,0,3495
1028,合庫-彰化,0,613,0,3896
0031003000320043,合庫-自強,0,986,0,11352
0031003000320046,合庫-西台中,0,713,0,7421
0031003000320041,合庫-新竹,0,534,0,2297
1030,土銀,0,569,0,3044
1032,土銀-台南,0,328,0,2055
1034,土銀-嘉義,0,438,0,2174
1036,土銀-玉里,0,281,0,1360
1037,土銀-花蓮,1,370,7,1891
1038,土銀-和平,1,347,4,1869
1039,土銀-士林,2,255,7,1458
0031003000330043,土銀-白河,0,275,0,1196
0031003000330042,土銀-彰化,0,342,0,2260
1040,臺銀,0,1262,0,20600
1041,臺銀-鳳山,0,1135,0,14032
1042,臺銀-臺南,0,1167,0,21098
1043,臺銀-民權,0,1102,0,18338
1045,臺銀-新竹,0,892,0,9224
0031003000340044,臺銀-金山,0,1070,0,11623
0031003000340043,臺銀-高雄,0,1006,0,11773
1112,台灣企銀-台南,0,355,0,1902
1114,台灣企銀-嘉義,0,438,0,1869
1116,台灣企銀-屏東,0,288,0,1036
1119,台灣企銀-岡山,0,293,0,2670
0031003100310046,台灣企銀-北高雄,2,220,2,1023
0031003100310044,臺灣企銀-台北(停),4,349,8,1702
0031003100310047,臺灣企銀-埔墘,0,316,0,1487
0031003100310045,臺灣企銀-桃園,0,484,0,4644
1160,日盛證券,0,1341,0,32803
1164,日盛-內湖,0,652,0,6687
1165,日盛-板橋,0,1147,0,15856
1166,日盛-雙和,0,1018,0,10446
1167,日盛-嘉義,0,792,0,6628
0031003100360051,日盛-二林,0,697,0,6967
0031003100360043,日盛-八德,0,1071,0,11496
0031003100360045,日盛-三重,0,760,0,5886
0031003100360064,日盛-三峽,0,639,0,4752
0031003100360073,日盛-土城,0,542,0,2794
003100310036004c,日盛-大墩,0,927,0,8924
003100310036005a,日盛-中和,0,1041,0,12775
0031003100360072,日盛-文化,0,732,0,6506
0031003100360056,日盛-斗六,0,771,0,8179
0031003100360058,日盛-宜蘭,0,692,0,7028
003100310036004a,日盛-板橋中山,0,776,0,6721
003100310036004b,日盛-花蓮,0,801,0,6373
0031003100360049,日盛-南京,0,632,0,3940
0031003100360046,日盛-員林,0,1039,0,14166
0031003100360055,日盛-桃園,0,721,0,6237
0031003100360066,日盛-復興,0,776,0,8493
0031003100360047,日盛-景美,0,1081,0,11483
0031003100360062,日盛-園區,0,624,0,4730
0031003100360048,日盛-新竹,0,1062,0,9219
0031003100360057,日盛-鳳山,0,823,0,4928
0031003100360069,日盛-樹林,0,1143,0,14863
0031003100360063,日盛-豐原,0,576,0,4093
1230,彰銀,0,477,0,2375
1233,彰銀-台中,0,662,0,3871
0031003200360048,宏遠-中和,0,603,0,4811
003100320036004c,宏遠-台中,0,729,0,10253
0031003200360044,宏遠-台南,0,742,0,5504
0031003200360051,宏遠-高雄,0,748,0,10015
0031003200360058,宏遠-新化,0,379,0,1804
0031003200360055,宏遠-館前,0,826,0,7799
1360,港商麥格理,0,510,0,79024
1470,台灣摩根士丹利,0,2033,0,743246
1480,美商高盛,0,1837,0,272736
1590,花旗環球,0,744,0,164089
1650,新加坡商瑞銀,0,1247,0,287489
5260,大慶,0,569,0,3296
5265,大慶-苗栗,0,691,0,5832
5267,大慶-基隆,1,454,1,2336
5268,大慶-台南,1,540,1,3117
5269,大慶-台中,0,520,0,2923
0035003200360041,大慶-中和,0,460,0,2652
003500320036004c,大慶-長榮,1,399,1,2523
003500320036004b,大慶-富順,0,1016,0,12274
5320,高橋,0,1076,0,10113
5322,高橋-中壢,1,326,2,1299
5323,高橋-內壢,0,539,0,2547
5380,第一金,0,749,0,18336
5381,第一金-員林,0,643,0,5184
5382,第一金-台中,0,719,0,8381
5387,第一金-澎湖,0,629,0,3843
5389,第一金-中山,0,469,0,3095
0035003300380046,第一金-大稻埕,0,695,0,7012
003500330038006a,第一金-安和,0,609,0,5188
0035003300380045,第一金-自由,0,837,0,7232
0035003300380044,第一金-忠孝,0,763,0,6940
0035003300380042,第一金-新竹,0,763,0,7893
0035003300380041,第一金-新興,0,795,0,11993
003500330038004e,第一金-豐原,0,730,0,7571
5600,永興,0,574,0,3227
5603,永興-台中,0,532,0,4025
5850,統一,0,1428,0,91304
5852,統一-敦南,0,861,0,10537
5853,統一-中壢,0,920,0,7694
5856,統一-台中,0,1042,0,14898
5857,統一-新竹,0,963,0,13000
5858,統一-嘉義,0,841,0,12277
5859,統一-屏東,0,800,0,5210
0035003800350059,統一-土城,0,804,0,10629
0035003800350063,統一-仁愛,0,976,0,28359
0035003800350062,統一-內湖,0,742,0,10225
0035003800350067,統一-平鎮,0,645,0,4921
0035003800350042,統一-永和,0,550,0,3784
003500380035006d,統一-竹南,0,516,0,3461
0035003800350050,統一-板橋,0,707,0,27074
003500380035005a,統一-松江,0,592,0,5618
0035003800350055,統一-南京,0,999,0,23120
0035003800350049,統一-員林,0,666,0,5271
0035003800350048,統一-桃園,0,784,0,7612
0035003800350041,統一-基隆,0,739,0,7489
0035003800350065,統一-新莊(停),0,653,0,18164
0035003800350046,統一-彰化,0,761,0,7807
5860,盈溢,3,205,8,453
5861,盈溢-籬子內,3,185,11,484
5920,元富,0,1094,0,68350
5921,元富-高雄,0,792,0,7355
5922,元富-新店,0,1025,0,13675
5927,元富-林園,0,790,0,7286
0035003900320044,元富-大昌,0,1100,0,11597
003500390032006c,元富-大裕,0,978,0,14930
0035003900320069,元富-中港,0,725,0,5657
003500390032004c,元富-中壢,0,648,0,4539
0035003900320042,元富-永和,0,731,0,5364
0035003900320050,元富-同大,0,1007,0,11864
003500390032006d,元富-成功,0,1052,0,12748
003500390032006e,元富-西松,0,781,0,12114
0035003900320077,元富-佳里,0,735,0,5384
0035003900320064,元富-延平,0,559,0,5631
0035003900320062,元富-板橋,0,1124,0,16754
0035003900320079,元富-花蓮,0,691,0,13194
003500390032004e,元富-虎尾,0,763,0,8240
0035003900320048,元富-信義,0,658,0,4462
0035003900320045,元富-城中,0,817,0,10884
0035003900320072,元富-城東,0,1003,0,11297
0035003900320071,元富-屏東,0,725,0,9579
0035003900320076,元富-桃園,0,841,0,6661
0035003900320063,元富-烏日,0,713,0,6855
0035003900320058,元富-草屯,0,724,0,5041
0035003900320053,元富-基隆,0,646,0,3697
0035003900320051,元富-敦南,0,968,0,20517
0035003900320047,元富-新竹,0,656,0,5166
003500390032006f,元富-新興,0,819,0,9325
0035003900320049,元富-嘉義,0,872,0,6967
003500390032004d,元富-彰化,0,695,0,4514
0035003900320043,元富-潮州,0,739,0,4901
5960,日茂,0,723,0,5344
6010,(牛牛牛)亞證券,2,156,7,575
6012,(牛牛牛)亞-網路,0,758,0,8095
0036003000310064,(牛牛牛)亞-鑫豐,0,1435,0,31830
6114,台中銀-員林,0,576,0,2512
6160,中國信託,0,1061,0,19774
6162,中國信託-忠孝,0,974,0,12678
6164,中國信託-文心,0,1130,0,12385
6165,中國信託-新竹,0,938,0,8738
6167,中國信託-松江,0,583,0,3731
6168,中國信託-嘉義,0,654,0,4310
003600310036004b,中國信託-高雄,0,1046,0,12847
6210,新百王,0,968,0,27332
6381,光和-溪湖,0,518,0,2845
6382,光和-田中,0,501,0,2979
0036003300380044,光和-高雄,0,798,0,5051
6450,永全,0,703,0,4137
6460,大昌,0,1084,0,15762
6461,大昌-樹林,0,972,0,13442
6464,大昌-新店,0,1223,0,19785
6465,大昌-桃園,0,737,0,8353
6480,福邦證券,0,384,0,3105
6910,德信,0,708,0,4524
6913,德信-新營,0,578,0,4320
6914,德信-三重,4,429,28,2342
6915,德信-和平,1,516,3,2490
6950,福勝,0,806,0,6182
7070,豐農,0,712,0,7136
7791,國票-台東,0,520,0,8851
0037003700390058,國票-中和,0,883,0,8835
003700370039006d,國票-中港,0,623,0,3357
0037003700390056,國票-天祥,0,821,0,5661
0037003700390076,國票-台中,0,884,0,13138
0037003700390044,國票-台南,0,748,0,5553
003700370039006a,國票-和平,0,794,0,5879
0037003700390075,國票-長城,0,880,0,19398
003700370039006e,國票-南京,0,746,0,6790
0037003700390065,國票-南科,0,796,0,7184
0037003700390045,國票-南崁,0,558,0,6197
0037003700390063,國票-敦北法人,0,911,0,16725
0037003700390048,國票-嘉義,0,715,0,9422
0037003700390057,國票-彰化,0,541,0,14418
8150,台新證券,0,1627,0,96106
8151,台新-建北,0,792,0,8764
8152,台新-新莊,0,775,0,7205
8156,台新-三民,0,1045,0,12052
0038003100350042,台新-台中,0,1297,0,25364
0038003100350041,台新-高雄,0,1413,0,33300
0038003100350059,台新-新營,0,861,0,9029
8380,安泰,0,1015,0,9259
8382,安泰-楠梓,1,310,1,1147
8440,摩根大通,0,1634,0,662122
8456,康和-新竹,0,452,0,3227
8458,康和-台南,0,655,0,3749
8459,康和-嘉義,0,822,0,12255
0038003400350046,康和-仁愛,0,601,0,5077
0038003400350041,康和-內湖,0,834,0,32071
0038003400350042,康和-永和,0,522,0,4240
0038003400350044,康和-板橋,0,1002,0,10524
0038003400350053,康和-南崁,0,479,0,4205
0038003400350058,康和-屏東,4,287,39,6218
003800340035004a,康和-高雄,0,775,0,8723
0038003400350045,康和-澎湖,0,408,0,2656
8520,中農,0,640,0,6006
8561,新光-台中,0,1456,0,74084
8562,新光-高雄,0,1251,0,28623
8563,新光-新竹,0,1235,0,28970
8565,新光-桃園,0,1113,0,18160
8585,聯邦-三重,7,244,8,1174
8841,玉山-雙和,0,865,0,10645
8842,玉山-新莊,0,943,0,13337
8843,玉山-高雄,0,1148,0,18133
8844,玉山-松江,0,839,0,7132
8846,玉山-板橋,0,1014,0,13832
8848,玉山-嘉義,0,985,0,10457
8849,玉山-台大,0,900,0,13561
0038003800340041,玉山-士林,0,800,0,9102
0038003800340042,玉山-台中,0,1064,0,12078
0038003800340044,玉山-左營,0,972,0,9213
0038003800340045,玉山-城中,0,1119,0,15163
0038003800340046,玉山-桃園,0,902,0,9022
8881,國泰-高雄,0,1041,0,10734
8882,國泰-台中,0,1297,0,19512
8883,國泰-松江,0,889,0,8636
8884,國泰-台南,0,743,0,6112
8885,國泰-桃園,0,785,0,8354
8888,國泰-敦南,0,1300,0,17481
003800380038004b,國泰-板橋,0,1295,0,20921
8890,大和國泰,0,89,0,11247
9100,群益金鼎,0,1040,0,23730
9105,群益金鼎-高盛,0,762,0,6896
9108,群益金鼎-海山,0,887,0,10924
9131,群益金鼎-民權,0,1064,0,10272
9134,群益金鼎-開元,0,923,0,6751
9135,群益金鼎-經國,0,945,0,7339
9185,群益金鼎-台南,0,647,0,4983
9189,群益金鼎-桃園,0,900,0,7894
003900310033004e,群益金鼎-土城,0,947,0,17277
0039003100380067,群益金鼎-大甲,0,1010,0,11845
0039003100300044,群益金鼎-大興,0,671,0,7172
0039003100380073,群益金鼎-丹鳳,0,839,0,6758
0039003100330052,群益金鼎-北高雄,0,867,0,7341
0039003100380043,群益金鼎-古亭,0,986,0,9562
0039003100380058,群益金鼎-台北,0,612,0,32024
0039003100380069,群益金鼎-竹南,0,832,0,6910
003900310038007a,群益金鼎-宜蘭,0,883,0,10595
0039003100380044,群益金鼎-東門,0,908,0,6994
003900310038004b,群益金鼎-東湖,0,784,0,6014
0039003100380042,群益金鼎-板橋,0,681,0,7261
0039003100380045,群益金鼎-南京,0,616,0,5030
003900310038004c,群益金鼎-建成,0,671,0,5641
0039003100380046,群益金鼎-新店,0,736,0,7939
0039003100380075,群益金鼎-瑞豐,0,880,0,6780
0039003100330049,群益金鼎-萬華,0,617,0,4690
0039003100380063,群益金鼎-鳳山,0,968,0,8753
0039003100330059,群益金鼎-館前,0,775,0,5229
9200,凱基,0,613,0,45150
9208,凱基-桃園,0,1360,0,25638
9209,凱基-岡山,0,758,0,6282
9212,凱基-東港,0,698,0,5475
9215,凱基-高美館,0,1082,0,16279
9216,凱基-信義,0,825,0,15237
9217,凱基-松山,0,1052,0,60134
9218,凱基-大直,0,917,0,15725
9226,凱基-汐止,0,694,0,4879
9229,凱基-中山,0,1072,0,13610
9231,凱基-員林,0,435,0,6629
9232,凱基-建成,0,745,0,6846
9233,凱基-長庚,0,923,0,9761
9235,凱基-永華,0,534,0,4065
9238,凱基-士林,0,910,0,12799
9239,凱基-市政,0,987,0,35767
9252,凱基-嘉義,0,815,0,9161
9258,凱基-羅東,0,538,0,3924
9266,凱基-新豐,0,793,0,5806
9273,凱基-竹東,0,440,0,1903
9274,凱基-鳳山,0,898,0,9332
9275,凱基-三多,0,684,0,7629
9278,凱基-永康,0,684,0,4703
9281,凱基-斗六,0,348,0,1527
9285,凱基-中壢,0,1065,0,9769
9287,凱基-內湖,0,616,0,4299
9296,凱基-頭份,0,642,0,4399
0039003200310045,凱基-三峽,0,821,0,6613
003900320031004a,凱基-土城,0,523,0,2977
0039003200300057,凱基-大里,0,760,0,12193
0039003200310047,凱基-五股,0,675,0,4904
003900320030005a,凱基-台東,0,747,0,5794
0039003200300044,凱基-市府,0,782,0,10112
0039003200310043,凱基-民權,0,510,0,3272
003900320030004d,凱基-宜蘭,0,738,0,8962
0039003200300045,凱基-東門,0,722,0,6767
0039003200310059,凱基-東勢,0,653,0,4358
0039003200300041,凱基-板橋,0,976,0,10899
0039003200320043,凱基-屏東,0,726,0,6684
0039003200300046,凱基-站前,0,998,0,9631
0039003200300048,凱基-基隆,0,911,0,9369
0039003200300047,凱基-彰化,0,1044,0,12107
0039003200300043,凱基-雙和,0,725,0,6687
9303,華南永昌-高雄,0,1009,0,11687
9305,華南永昌-新莊,0,531,0,5731
9306,華南永昌-台南,0,708,0,6517
9307,華南永昌-大安,0,866,0,18120
9308,華南永昌-麻豆,0,878,0,5658
9309,華南永昌-古亭,0,681,0,4527
9312,華南永昌-民權,0,659,0,4165
9315,華南永昌-苑裡,0,421,0,3322
9316,華南永昌-淡水,0,689,0,4015
9319,華南永昌-鶯歌,0,738,0,8240
9322,華南永昌-公誠,0,1063,0,10975
9323,華南永昌-小港,0,671,0,7183
9324,華南永昌-岡山,0,866,0,11753
9327,華南永昌-斗六,0,681,0,3790
9328,華南永昌-潮州,0,687,0,4288
9329,華南永昌-朴子,0,767,0,4293
9331,華南永昌-鳳山,0,957,0,8572
9334,華南永昌-世貿,0,632,0,3715
9349,華南永昌-合泰,0,662,0,4435
9358,華南永昌-東勢,0,589,0,6017
9364,華南永昌-和平(停),1,440,5,5434
9369,華南永昌-三重,0,651,0,5179
9604,富邦-陽明,0,1113,0,17525
9608,富邦-台東,0,513,0,3577
9614,富邦-基隆,0,747,0,6195
9616,富邦-岡山,0,682,0,5128
9625,富邦-竹東,0,1012,0,8560
9634,富邦-羅東,0,1087,0,12636
9636,富邦-中壢,0,1161,0,15893
9651,富邦-民生,0,1147,0,15550
9654,富邦-永和,0,942,0,10010
9659,富邦-高雄,0,1209,0,21765
9661,富邦-新店,0,1159,0,21345
9663,富邦-敦南,0,1067,0,17528
9665,富邦-桃園,0,868,0,8296
9666,富邦-南屯,0,965,0,10801
9667,富邦-台南,0,1031,0,17951
9672,富邦-員林,0,1054,0,20865
9677,富邦-三重,0,856,0,6216
9678,富邦-北投,0,917,0,9297
9679,富邦-延吉,0,1101,0,13792
9686,富邦-宜蘭,0,852,0,7288
9689,富邦-重慶(停),0,915,0,6968
9692,富邦-嘉義,0,1067,0,55997
9695,富邦-民雄,0,657,0,7512
9697,富邦-虎尾,0,738,0,17881
0039003600390043,富邦-北港,0,790,0,8260
003900360035004b,富邦-台中,0,1135,0,15499
0039003600360046,富邦-左營,0,839,0,7420
9812,元大-台中,0,878,0,9504
9815,元大-大灣,0,766,0,6902
9816,元大-新竹,0,878,0,9359
9817,元大-東泰,0,1025,0,9939
9822,元大-土城學府,0,754,0,5028
9824,元大-向上,0,498,0,3195
9829,元大-永康,0,688,0,4699
9833,元大-敦化,0,790,0,9304
9834,元大-中壢,0,1095,0,15032
9835,元大-員林中山,0,862,0,7514
9837,元大-北港,0,792,0,6022
9852,元大-大松山,0,1041,0,10642
9857,元大-東蘆,0,1152,0,17626
9859,元大-新竹經國,0,1072,0,11401
9862,元大-南京,0,971,0,10682
9866,元大-樹板(停),0,636,0,3857
9867,元大-北成功,0,962,0,8943
9868,元大-文心,0,698,0,4137
9869,元大-新盛,0,918,0,9632
9873,元大-西門,0,801,0,5725
9875,元大-土城永寧,0,1047,0,12569
9878,元大-金華,0,764,0,6944
9879,元大-板橋三民,0,828,0,5903
9889,元大-員林,0,803,0,7584
9891,元大-永和,0,1026,0,10605
9892,元大-屏東,0,782,0,4652
9893,元大-大天母,0,971,0,10884
9894,元大-桃興,0,863,0,6316
9896,元大-台南,0,995,0,12394
9897,元大-土城,0,659,0,4745
9898,元大-新莊,0,1212,0,15948
0039003800380043,元大-三重,0,411,0,2126
0039003800330047,元大-上新莊,0,650,0,4329
0039003800310067,元大-大里,0,1088,0,10680
0039003800330069,元大-大雅,0,1082,0,11906
0039003800320043,元大-六合,0,993,0,12209
0039003800310049,元大-天母,0,922,0,8011
0039003800310051,元大-太平,0,812,0,5789
0039003800300043,元大-斗六,0,978,0,9986
0039003800390056,元大-北三重,0,728,0,5322
0039003800390064,元大-北屯,0,847,0,10280
0039003800390044,元大-左營,0,939,0,7950
003900380039004c,元大-成功,0,982,0,13034
0039003800390051,元大-汐止,0,1046,0,10923
0039003800310052,元大-竹山,0,718,0,5705
0039003800330066,元大-竹東,0,530,0,3151
0039003800330056,元大-竹南,0,694,0,4646
003900380030004b,元大-竹科,0,1072,0,14280
0039003800300077,元大-西屯,0,681,0,4410
0039003800310069,元大-西螺,0,644,0,5254
0039003800300064,元大-沙鹿,0,1067,0,10326
0039003800310065,元大-佳里,0,790,0,5017
0039003800320046,元大-忠孝鼎富,0,350,0,3601
0039003800300061,元大-承德,0,765,0,8484
0039003800390043,元大-板橋,0,1009,0,7587
0039003800310070,元大-松山,0,872,0,7124
003900380031004e,元大-金門,0,564,0,4536
003900380039006d,元大-信義,0,784,0,11590
0039003800310044,元大-南投,0,947,0,7954
0039003800300051,元大-南崁,0,510,0,3050
0039003800340045,元大-南勢角,0,483,0,2739
0039003800310068,元大-屏東民生,0,996,0,8282
0039003800310072,元大-屏南,0,758,0,5412
0039003800380042,元大-桃園,0,899,0,8540
0039003800390045,元大-草屯,0,1112,0,11438
0039003800390046,元大-高雄,0,1026,0,10642
0039003800390059,元大-基隆,0,730,0,4241
0039003800310053,元大-崇德,0,907,0,8208
0039003800300065,元大-清水,0,848,0,6567
0039003800320042,元大-博愛,0,1085,0,14943
0039003800390050,元大-敦南,0,908,0,11314
0039003800340048,元大-景美,0,863,0,7709
0039003800310079,元大-善化,0,906,0,8999
0039003800340043,元大-新店中正,0,821,0,6722
0039003800370044,元大-新壢(停),0,712,0,5796
0039003800370041,元大-楊梅,0,1003,0,10373
0039003800310071,元大-萬華,0,901,0,6745
0039003800390067,元大-嘉義,0,873,0,10048
0039003800310047,元大-彰化,0,957,0,8683
003900380039004a,元大-彰化民生,0,893,0,9508
003900380031006e,元大-旗山,0,732,0,4782
003900380031005a,元大-潮州,0,776,0,4581
003900380033004b,元大-學甲,0,666,0,4204
003900380039006a,元大-樹林,0,836,0,7729
0039003800330055,元大-頭份,0,748,0,5717
003900380034004b,元大-館前,0,1004,0,13076
0039003800310061,元大-歸仁,0,925,0,7559
0039003800390049,元大-蘆洲,0,930,0,8932
0039003800310041,元大-鶯歌,0,558,0,3797
1033,土銀-高雄,0,334,0,1699
1035,土銀-新竹,0,693,0,5795
1111,台灣企銀-台中,0,420,0,2955
1115,台灣企銀-太平,0,490,0,3303
0031003100310041,台灣企銀-民雄,0,380,0,1687
0031003100360042,日盛-中壢,0,888,0,7462
003100310036006b,日盛-北高雄,0,825,0,8051
003100310036004e,日盛-永康,0,811,0,6754
0031003100360050,日盛-信義,0,777,0,4501
003100310036004d,日盛-屏東,0,673,0,4142
003100310036006a,日盛-頭份,0,976,0,9934
1440,美林,0,1992,0,672428
1520,瑞士信貸,0,1850,0,640432
5050,大展,0,856,0,14738
5112,富隆-長安,0,395,0,2035
5266,大慶-中壢,0,588,0,3931
5321,高橋-龍潭,0,854,0,6691
0035003300380059,第一金-中壢,0,659,0,5764
0035003300380057,第一金-華江,0,709,0,4682
0035003300380050,第一金-路竹,0,919,0,9897
003500330038004d,第一金-嘉義,0,668,0,7287
5460,寶盛,0,292,0,1329
5602,永興-水湳,0,552,0,2203
5604,永興-大墩,0,358,0,1624
5851,統一-高雄,0,913,0,14494
5854,統一-城中,0,977,0,15492
003500380035004a,統一-三重,0,898,0,11039
003500380035004d,統一-士林,0,899,0,13901
0035003800350056,統一-古亭,0,604,0,4860
0035003800350052,統一-汐止,0,672,0,5752
0035003800350053,統一-宜蘭,0,628,0,4329
0035003800350057,統一-金門,1,369,5,1735
0035003800350064,統一-新店(停),5,404,11,2549
003500380035004c,統一-豐原,0,628,0,9917
5870,光隆,0,812,0,5579
5926,元富-四維,0,704,0,4022
0035003900320061,元富-松德,0,951,0,9284
0035003900320059,元富-埔里,0,509,0,2833
5962,日茂-南投,0,394,0,1755
6116,台中銀-中壢,0,525,0,4807
6452,永全-八德,0,557,0,3188
6462,大昌-安康,0,771,0,7790
7797,國票-中正,0,717,0,6881
7798,國票-內壢,0,683,0,5745
0037003700390050,國票-九鼎,0,1197,0,17249
003700370039004a,國票-北高雄,0,848,0,10674
0037003700390072,國票-桃園,0,604,0,5484
0037003700390047,國票-新莊,0,741,0,7781
8158,台新-松江,0,601,0,3375
8159,台新-台南,0,937,0,11318
0038003100350053,台新-中壢,0,858,0,6803
8455,康和-台中,0,857,0,8970
8564,新光-台南,0,1194,0,28583
8584,聯邦-雙和,0,485,0,2113
8586,聯邦-大業,2,265,3,1893
8711,陽信-石牌,0,806,0,8350
8840,玉山,0,1199,0,24541
8847,玉山-台南,0,1045,0,18049
0038003800340043,玉山-南京東路,0,711,0,6506
0038003800340048,玉山-新竹,0,707,0,6733
8886,國泰-新莊,0,700,0,7122
8887,國泰-忠孝,0,720,0,7116
0038003800380041,國泰-館前,0,1286,0,22220
9183,群益金鼎-高雄,0,876,0,8663
9184,群益金鼎-台中,0,829,0,7820
9188,群益金鼎-三民,0,958,0,8363
0039003100380041,群益金鼎-中壢,0,930,0,6875
0039003100380078,群益金鼎-延平,0,695,0,7951
0039003100330045,群益金鼎-基隆,0,685,0,5024
003900310038004d,群益金鼎-嘉義,0,1032,0,10121
0039003100330044,群益金鼎-潭子,0,762,0,7292
9204,凱基-台中,0,824,0,8733
9205,凱基-三重,0,1291,0,23015
9236,凱基-虎尾,0,922,0,26797
9259,凱基-澄新(停),0,563,0,4061
9268,凱基-台北,0,1693,0,210041
9276,凱基-苗栗,0,511,0,2255
9288,凱基-埔墘,0,631,0,10913
9291,凱基-大安,0,515,0,4118
003900320031004d,凱基-八德,0,687,0,4598
9326,華南永昌-南京,0,1175,0,23629
9333,華南永昌-長虹,0,928,0,6296
9352,華南永昌-桃園,0,661,0,7591
9359,華南永昌-中正,0,1191,0,36555
9363,華南永昌-彰化,0,771,0,5034
9386,華南永昌-東昇,0,745,0,4242
9622,富邦-園區,0,818,0,6211
9647,富邦-新竹華信,0,1127,0,14631
9658,富邦-建國,0,1063,0,17687
9664,富邦-天母,0,691,0,9304
9676,富邦-仁愛,0,1158,0,18077
9688,富邦-市政(停),1,207,1,1434
9825,元大-新營,0,753,0,5998
9838,元大-豐原,0,834,0,7301
9856,元大-花蓮,0,902,0,11219
003900380031006a,元大-士林,0,960,0,28634
0039003800390055,元大-大甲,0,827,0,10369
0039003800390047,元大-大同,0,1020,0,11377
003900380033004e,元大-大安,0,554,0,6329
0039003800330057,元大-大里德芳,0,959,0,8668
003900380031007a,元大-大統,0,885,0,6998
003900380039005a,元大-小港,0,855,0,9773
003900380039004e,元大-內湖,0,1121,0,12653
003900380033004d,元大-木柵,0,524,0,3401
0039003800390042,元大-台中中港,0,841,0,6197
0039003800390058,元大-民生,0,670,0,4058
003900380031004b,元大-林園,0,519,0,2514
003900380031004c,元大-莒光,0,873,0,5843
0039003800390053,元大-鹿港,0,933,0,6759
0039003800310046,元大-福營,0,876,0,8156
1118,台灣企銀-豐原,0,343,0,7666
0031003100310042,台灣企銀-建成,0,334,0,1709
0031003100360053,日盛-新莊,0,985,0,11128
1232,彰銀-七賢,0,348,0,1069
5386,第一金-彰化,0,571,0,3503
0035003300380043,第一金-光復,0,709,0,5223
0035003300380049,第一金-頭份,0,636,0,4491
5929,元富-台南,0,718,0,5704
003500390032007a,元富-文心,0,896,0,10249
6383,光和-和美,0,350,0,1107
8880,國泰證券,0,1624,0,102451
0039003100380048,群益金鼎-中山,0,758,0,6856
9265,凱基-平鎮(停),0,565,0,3083
9289,凱基-興隆,0,600,0,6119
0039003200300056,凱基-新店,0,506,0,2794
9623,富邦-台北,0,1532,0,48323
9813,元大-八德,0,850,0,8428
9888,元大-鑫永和,0,662,0,3606
0039003800300068,元大-台北,0,809,0,7820
0039003800310042,元大-竹北,0,749,0,17663
0039003800300052,元大-南海,0,625,0,4468
0039003800300044,元大-開元,0,995,0,6725
1021,合庫- 台中,0,1026,0,24968
0031003000320047,合庫-三重,0,549,0,3298
1031,土銀-台中,0,455,0,2768
0031003000340041,臺銀-臺中,0,1286,0,20224
5262,大慶-楊梅,0,808,0,6842
5923,元富-三重,0,832,0,5732
0035003900320075,元富-世貿,0,761,0,6265
0035003900320065,元富-古亭,0,739,0,6464
6110,台中銀,0,847,0,7090
0036003300380041,光和-嘉義,0,714,0,4207
6451,永全-南崁,0,614,0,4099
003700370039007a,國票-博愛,0,993,0,14494
0039003100380065,群益金鼎-大安,0,677,0,18067
003900310038004a,群益金鼎-永和,0,986,0,12068
0039003100330055,群益金鼎-崇德,0,664,0,3689
9227,凱基-城中,0,1111,0,69376
003900320030004e,凱基-湖口,0,822,0,8144
9339,華南永昌-竹北,0,691,0,18143
9343,華南永昌-頭份,0,677,0,3738
0039003600350055,富邦-彰化,0,856,0,7924
9874,元大-雙和,0,1093,0,16293
0039003800310056,元大-民雄,0,580,0,3074
003900380036004b,元大-基隆孝二,0,806,0,6704
0039003800390057,元大-豐原站前,0,1021,0,9840
1025,合庫-基隆,0,639,0,5204
0031003000330041,土銀-建國,1,427,2,4184
1110,台灣企銀,0,512,0,3643
1113,台灣企銀-九如,4,264,6,949
1161,日盛-忠孝,0,972,0,14927
1169,日盛-士林,0,948,0,9924
1260,宏遠證券,0,964,0,41874
1570,港商法國興業,0,147,0,9026
5264,大慶-高雄,5,324,9,2332
0035003800350068,統一-新桃園,0,684,0,5457
5862,盈溢-楠梓,0,138,0,348
0035003900320056,元富-民權,0,540,0,2624
0035003900320057,元富-吉利,0,846,0,5995
0035003900320041,元富-緯城,0,1014,0,9466
0036003100310041,台中銀-豐原,0,787,0,4642
6620,全泰證券,0,108,0,210
7790,國票,0,1185,0,15552
7792,國票-北投,0,631,0,3756
7795,國票-南港,0,647,0,5631
0038003100350048,台新-屏東,0,634,0,4374
8381,安泰-大發,0,489,0,3037
8450,康和,0,816,0,17515
8451,康和-延平,0,499,0,2907
0038003400350052,康和-石牌,0,554,0,4267
8490,萬泰,0,437,0,2475
8580,聯邦商銀,0,478,0,4957
8581,聯邦-高雄,0,400,0,1542
8582,聯邦-嘉義,0,284,0,2067
8587,聯邦-興中,0,244,0,2519
8960,香港上海匯豐,0,340,0,37353
9136,群益金鼎-西松,0,814,0,8261
9186,群益金鼎-新竹,0,809,0,6215
9187,群益金鼎-彰化,0,1033,0,11207
0039003100380057,群益金鼎-忠孝,0,557,0,3587
9223,凱基-豐中,0,876,0,6670
9224,凱基-新莊,0,511,0,4261
9234,凱基-竹北,0,1004,0,9609
9254,凱基-科園,0,681,0,5215
9272,凱基-竹科,0,1076,0,13516
0039003200320048,凱基-復興,0,1047,0,15905
9302,華南永昌-台中,0,1247,0,19559
9317,華南永昌-林口,0,715,0,6957
9377,華南永昌-虎尾,0,762,0,4914
9381,華南永昌-斗南,0,440,0,2494
9600,富邦證券,0,700,0,42200
9627,富邦-內湖,0,890,0,5624
9800,元大證券,0,1240,0,137707
9801,元大-松江,0,869,0,8677
9872,元大-復北,0,988,0,10100
0039003800390065,元大-中和,0,793,0,6094
003900380039006b,元大-古亭,0,809,0,5726
0039003800310058,元大-東門,0,531,0,2947
0039003800390066,元大-東港,0,624,0,3745
003900380030006c,元大-虎尾,0,685,0,8356
003900380031006d,元大-前金,0,1093,0,9407
003900380033005a,元大-鳳山,0,785,0,5853
0039003800350043,元大-鳳中,0,869,0,10084
0039003800320041,元大-羅東,0,790,0,6216
0031003100360065,日盛-竹北,0,581,0,2810
1380,台灣匯立證券,1,385,5,64031
0035003300380047,第一金-中和(停),0,661,0,4526
5961,日茂-埔里,0,290,0,1753
003700370039005a,國票-安和,0,939,0,16875
8157,台新-左楠,0,1002,0,9241
9103,群益金鼎-松山,0,591,0,6938
9138,群益金鼎-中港,0,567,0,3693
0039003200310053,凱基-幸福,0,860,0,7783
9693,富邦-新營,0,756,0,8790
9814,元大-大益,0,1030,0,10737
9858,元大-龍潭,0,1112,0,16394
9863,元大-新和平,0,844,0,6635
1162,日盛-台南,0,844,0,6881
1163,日盛-台中,0,979,0,15601
003100310036006d,日盛-和美,0,1012,0,9768
0031003100360067,日盛-龍潭,0,423,0,1510
1261,宏遠-民生,0,368,0,1766
1262,宏遠-桃園,0,626,0,3885
5261,大慶-蘆洲,0,862,0,7510
5383,第一金-高雄,0,806,0,10655
5384,第一金-台南,0,967,0,10262
5385,第一金-桃園,0,919,0,9498
5855,統一-台南,0,776,0,7764
0035003800350051,統一-三多,0,782,0,7817
5928,元富-新莊,0,636,0,4648
0035003900320055,元富-宜蘭,0,786,0,7564
6115,台中銀-台北,0,349,0,6901
6385,光和-花壇,1,389,3,1678
6463,大昌-新竹,0,661,0,6016
9137,群益金鼎-士林,0,721,0,4978
0039003100330067,群益金鼎-南三重,0,805,0,6926
0039003100330048,群益金鼎-屏東,0,647,0,5196
9202,凱基-中港,0,1121,0,16135
9206,凱基-高雄,0,935,0,10818
9211,凱基-台南,0,1128,0,22542
9237,凱基-敦北,0,710,0,9184
9283,凱基-北門,0,588,0,6634
9300,華南永昌,0,1550,0,50942
9325,華南永昌-忠孝,0,506,0,4975
9332,華南永昌-楠梓,0,947,0,8119
9362,華南永昌-苗栗,0,736,0,6871
9831,元大-四維,0,1031,0,10067
9853,元大-南屯,0,923,0,12847
9854,元大-文心興安,0,1060,0,7962
9884,元大-鎮北,0,870,0,8952
003900380033006a,元大-仁愛,0,886,0,6315
0039003800330042,元大-林森,0,747,0,8395
0039003800390061,元大-苑裡,0,784,0,5085
0039003800310045,元大-發財,0,818,0,5857
0039003800310043,元大-路竹,0,676,0,4308
0031003100360041,日盛-木柵,0,1034,0,11634
0035003800350044,統一-新台中,0,785,0,7034
6163,中國信託-永康,0,930,0,10221
0036003100360041,中國信託-中壢,0,810,0,5701
8560,新光,0,1696,0,202216
0039003100380047,群益金鼎-新莊,0,844,0,8799
0039003200310046,凱基-天母,0,384,0,2546
9337,華南永昌-內壢,0,649,0,5764
9347,華南永昌-敦南,0,805,0,10545
9621,富邦-花蓮,0,655,0,5906
9624,富邦-竹北,0,776,0,6877
9657,富邦-苗栗,0,680,0,4346
9871,元大-忠孝,0,1027,0,10797
0031003000330046,土銀-南港,1,282,3,1783
5925,元富-台中,0,838,0,6051
6161,中國信託-三重,0,727,0,5337
8583,聯邦-敦化,3,330,3,1079
8710,陽信,0,652,0,4158
9101,群益金鼎-敦南,0,847,0,8967
0039003100380050,群益金鼎-天母,0,438,0,3201
9314,華南永昌-嘉義,0,475,0,2293
9655,富邦-板橋,0,1080,0,10911
0039003800310055,元大-華山,0,550,0,3937
1117,台灣企銀-竹北,0,366,0,2552
5110,富隆,0,429,0,2314
5263,大慶-泰山,0,589,0,5390
6912,德信-中正,0,703,0,5496
7080,石橋證券,0,479,0,1969
0038003400350055,康和-台北,0,716,0,6286
0039003100380064,群益金鼎-內湖,0,757,0,7123
9257,凱基-林口,0,677,0,4703
9297,凱基-文心,0,672,0,12077
003900380031004d,元大-苗栗,0,624,0,3837
1168,日盛-高雄,0,958,0,9414
1530,港商德意志,2,128,10,6815
7750,北城,0,918,0,13737
1560,港商野村,0,321,0,39083
5660,日進,0,708,0,5099
0035003800350045,統一-新營,0,491,0,3757
8770,大鼎,0,206,0,9312
0039003800300075,元大-府城,0,676,0,5283
9225,凱基-內埔,0,527,0,4828
0031003000320045,合庫-桃園,0,861,0,8810
0031003100310043,台灣企銀-三民,5,202,6,1236
0035003900320067,元富-中原,0,711,0,8257
003500390032005a,元富-安南,0,864,0,6214
6380,光和,0,680,0,5749
9207,凱基-永和,0,692,0,7388
9255,凱基-和平,0,824,0,8895
9256,凱基-南崁,0,723,0,6262
9298,凱基-延平,0,462,0,3102
9899,元大-淡水,0,867,0,9141
0039003800390041,元大-北投,0,1014,0,11521
1029,合庫-鳳山,0,700,0,5928
003800380034004a,玉山-大里,0,843,0,7432
8588,聯邦-富強,0,127,0,472
6386,光和-虎尾,0,53,0,949
6489,福邦-新竹,0,15,0,80
2200,元大期貨,0,1,0,1
8900,法銀巴黎,0,218,0,12426
2210,群益期貨,0,1,0,2
