1020,合庫證券,0,904,0,19548
1021,合庫- 台中,0,970,0,28268
1023,合庫-高雄,0,822,0,10511
1025,合庫-基隆,0,581,0,4612
0031003000320047,合庫-三重,0,526,0,3625
1030,土銀,0,501,0,4025
1031,土銀-台中,0,405,0,3185
1032,土銀-台南,1,318,2,4769
1036,土銀-玉里,2,313,3,1594
1037,土銀-花蓮,0,345,0,2201
1039,土銀-士林,0,241,0,1177
0031003000330042,土銀-彰化,0,286,0,3116
1040,臺銀,0,1127,0,22378
1041,臺銀-鳳山,0,1053,0,18513
1042,臺銀-臺南,0,963,0,16249
0031003000340041,臺銀-臺中,0,1125,0,20858
1110,台灣企銀,0,461,0,3147
1111,台灣企銀-台中,0,389,0,3970
1113,台灣企銀-九如,2,264,2,1765
1114,台灣企銀-嘉義,0,430,0,2353
1119,台灣企銀-岡山,0,274,0,1211
0031003100310042,台灣企銀-建成,0,302,0,1873
0031003100310044,臺灣企銀-台北(停),0,324,0,1457
0031003100310047,臺灣企銀-埔墘,0,345,0,2548
0031003100310045,臺灣企銀-桃園,0,461,0,5476
1165,日盛-板橋,0,1064,0,21044
1167,日盛-嘉義,0,753,0,9071
0031003100360043,日盛-八德,0,990,0,12509
0031003100360064,日盛-三峽,0,665,0,5716
003100310036005a,日盛-中和,0,929,0,17345
0031003100360042,日盛-中壢,0,894,0,9400
0031003100360072,日盛-文化,0,658,0,11662
0031003100360056,日盛-斗六,0,679,0,6151
0031003100360041,日盛-木柵,0,903,0,12738
0031003100360065,日盛-竹北,0,547,0,4034
0031003100360049,日盛-南京,0,599,0,5729
003100310036004d,日盛-屏東,0,596,0,3189
0031003100360055,日盛-桃園,0,699,0,10062
0031003100360066,日盛-復興,0,784,0,11307
0031003100360053,日盛-新莊,0,879,0,14546
0031003100360057,日盛-鳳山,0,680,0,6731
003100310036006a,日盛-頭份,0,841,0,14928
0031003100360067,日盛-龍潭,0,413,0,2892
0031003100360063,日盛-豐原,0,543,0,4600
003100320036004c,宏遠-台中,0,710,0,11072
0031003200360058,宏遠-新化,0,402,0,2038
1380,台灣匯立證券,0,395,0,55500
1440,美林,0,1758,0,664370
1470,台灣摩根士丹利,0,1683,0,569790
1520,瑞士信貸,0,1569,0,547924
1560,港商野村,0,264,0,24883
1590,花旗環球,0,647,0,111256
5263,大慶-泰山,0,562,0,4153
5264,大慶-高雄,3,299,11,2452
5267,大慶-基隆,0,450,0,2681
003500320036004c,大慶-長榮,0,387,0,2221
003500320036004b,大慶-富順,0,921,0,12600
5320,高橋,0,978,0,12940
5322,高橋-中壢,0,319,0,1502
5323,高橋-內壢,0,517,0,4216
5383,第一金-高雄,0,757,0,9268
5384,第一金-台南,0,926,0,10437
5385,第一金-桃園,0,871,0,12211
0035003300380044,第一金-忠孝,0,725,0,10216
0035003300380057,第一金-華江,0,932,0,11722
0035003300380042,第一金-新竹,0,668,0,9345
003500330038004d,第一金-嘉義,0,606,0,6823
5602,永興-水湳,0,538,0,3424
5850,統一,0,1270,0,126969
5851,統一-高雄,0,821,0,21428
5852,統一-敦南,0,852,0,14112
5854,統一-城中,0,889,0,14831
5856,統一-台中,0,941,0,18780
0035003800350051,統一-三多,0,691,0,6876
0035003800350059,統一-土城,0,721,0,7985
0035003800350067,統一-平鎮,0,677,0,7208
0035003800350052,統一-汐止,0,680,0,8339
0035003800350057,統一-金門,0,375,0,2714
0035003800350053,統一-宜蘭,0,570,0,3114
0035003800350055,統一-南京,0,915,0,21651
0035003800350049,統一-員林,0,624,0,6294
0035003800350048,統一-桃園,0,683,0,7272
0035003800350041,統一-基隆,0,682,0,10375
0035003800350045,統一-新營,0,477,0,5196
003500380035004c,統一-豐原,0,581,0,8400
5862,盈溢-楠梓,1,137,1,471
5861,盈溢-籬子內,1,244,1,768
5925,元富-台中,0,836,0,9932
5927,元富-林園,0,757,0,7352
5928,元富-新莊,0,619,0,6545
5929,元富-台南,0,630,0,7758
003500390032007a,元富-文心,0,825,0,13710
0035003900320065,元富-古亭,0,610,0,4762
0035003900320057,元富-吉利,0,735,0,5396
0035003900320050,元富-同大,0,874,0,10469
0035003900320061,元富-松德,0,891,0,12538
0035003900320048,元富-信義,0,587,0,4125
0035003900320045,元富-城中,0,738,0,14051
0035003900320071,元富-屏東,0,689,0,7842
0035003900320076,元富-桃園,0,766,0,6792
003500390032004e,元富-虎尾,0,682,0,8403
0035003900320043,元富-潮州,0,719,0,6136
6012,(牛牛牛)亞-網路,0,713,0,6523
0036003000310064,(牛牛牛)亞-鑫豐,0,1201,0,31876
6110,台中銀,0,761,0,6883
6164,中國信託-文心,0,997,0,15990
6116,台中銀-中壢,0,472,0,5254
0036003100360041,中國信託-中壢,0,758,0,7511
6210,新百王,0,796,0,23172
6381,光和-溪湖,0,538,0,4697
6382,光和-田中,0,450,0,3386
6460,大昌,0,925,0,16944
6461,大昌-樹林,0,925,0,13185
6950,福勝,0,786,0,11417
7070,豐農,0,673,0,7649
7798,國票-內壢,0,646,0,5616
0037003700390050,國票-九鼎,0,1013,0,20090
0037003700390058,國票-中和,0,896,0,17214
0037003700390044,國票-台南,0,680,0,5931
003700370039006e,國票-南京,0,632,0,6184
0037003700390048,國票-嘉義,0,726,0,7032
0037003700390047,國票-新莊,0,663,0,8297
8158,台新-松江,0,643,0,6926
0038003100350042,台新-台中,0,1187,0,37662
0038003100350041,台新-高雄,0,1215,0,34938
8440,摩根大通,0,1404,0,353911
8456,康和-新竹,0,436,0,4561
0038003400350042,康和-永和,0,581,0,4837
0038003400350045,康和-澎湖,0,401,0,3012
8490,萬泰,0,465,0,2610
8520,中農,0,619,0,5787
8560,新光,0,1562,0,224068
8563,新光-新竹,0,1116,0,29245
8564,新光-台南,0,1043,0,29110
8565,新光-桃園,0,1096,0,27366
8584,聯邦-雙和,0,437,0,2497
8586,聯邦-大業,0,410,0,5750
8841,玉山-雙和,0,855,0,10774
8840,玉山,0,1110,0,22719
8846,玉山-板橋,0,899,0,17654
8848,玉山-嘉義,0,831,0,14963
0038003800340042,玉山-台中,0,979,0,13328
0038003800340045,玉山-城中,0,1013,0,15159
0038003800340046,玉山-桃園,0,792,0,8138
0038003800340048,玉山-新竹,0,671,0,7294
8881,國泰-高雄,0,972,0,12788
8883,國泰-松江,0,867,0,11502
8884,國泰-台南,0,735,0,7542
8887,國泰-忠孝,0,619,0,5104
8888,國泰-敦南,0,1243,0,23673
9131,群益金鼎-民權,0,916,0,12139
9134,群益金鼎-開元,0,802,0,5816
9138,群益金鼎-中港,0,573,0,5348
9185,群益金鼎-台南,0,621,0,6974
9187,群益金鼎-彰化,0,944,0,10461
9188,群益金鼎-三民,0,889,0,9394
003900310033004e,群益金鼎-土城,0,860,0,22259
0039003100300044,群益金鼎-大興,0,685,0,8141
0039003100380048,群益金鼎-中山,0,713,0,8538
0039003100380073,群益金鼎-丹鳳,0,776,0,6457
0039003100380058,群益金鼎-台北,0,562,0,53705
003900310038007a,群益金鼎-宜蘭,0,836,0,11388
003900310038004a,群益金鼎-永和,0,926,0,11092
0039003100380057,群益金鼎-忠孝,0,597,0,6581
003900310038004b,群益金鼎-東湖,0,738,0,9919
0039003100330045,群益金鼎-基隆,0,610,0,5695
0039003100380047,群益金鼎-新莊,0,834,0,10332
0039003100330044,群益金鼎-潭子,0,697,0,10382
9200,凱基,0,633,0,28758
9212,凱基-東港,0,614,0,6209
9217,凱基-松山,0,972,0,54893
9225,凱基-內埔,0,551,0,5857
9229,凱基-中山,0,967,0,18123
9252,凱基-嘉義,0,763,0,12593
9256,凱基-南崁,0,715,0,7711
9268,凱基-台北,0,1386,0,155681
9273,凱基-竹東,0,408,0,2689
9281,凱基-斗六,0,357,0,1945
9287,凱基-內湖,0,644,0,5765
9288,凱基-埔墘,0,585,0,6669
9291,凱基-大安,0,551,0,6834
003900320031004d,凱基-八德,0,666,0,6251
003900320031004a,凱基-土城,0,530,0,4059
0039003200310047,凱基-五股,0,641,0,5385
0039003200300044,凱基-市府,0,776,0,10317
0039003200300045,凱基-東門,0,655,0,9002
0039003200300041,凱基-板橋,0,948,0,14098
0039003200320048,凱基-復興,0,904,0,25139
0039003200300056,凱基-新店,0,515,0,4078
9300,華南永昌,0,1305,0,61639
9306,華南永昌-台南,0,661,0,5000
9315,華南永昌-苑裡,0,410,0,1473
9317,華南永昌-林口,0,747,0,9388
9326,華南永昌-南京,0,980,0,44615
9329,華南永昌-朴子,0,720,0,6219
9331,華南永昌-鳳山,0,843,0,9411
9332,華南永昌-楠梓,0,772,0,7525
9352,華南永昌-桃園,0,699,0,8634
9363,華南永昌-彰化,0,722,0,5920
9381,華南永昌-斗南,0,472,0,3709
9386,華南永昌-東昇,0,688,0,7776
9608,富邦-台東,0,485,0,2922
9616,富邦-岡山,0,575,0,4615
9622,富邦-園區,0,803,0,9472
9624,富邦-竹北,0,732,0,8372
9625,富邦-竹東,0,914,0,11180
9636,富邦-中壢,0,1049,0,15909
9655,富邦-板橋,0,1144,0,22331
9657,富邦-苗栗,0,683,0,6082
9659,富邦-高雄,0,1048,0,19427
9661,富邦-新店,0,991,0,20785
9663,富邦-敦南,0,946,0,22144
9664,富邦-天母,0,664,0,9856
9665,富邦-桃園,0,710,0,7841
9666,富邦-南屯,0,899,0,14694
9667,富邦-台南,0,958,0,19700
9678,富邦-北投,0,879,0,12029
9679,富邦-延吉,0,1003,0,19074
9695,富邦-民雄,0,591,0,9948
9697,富邦-虎尾,0,758,0,22369
9800,元大證券,0,1111,0,140324
9801,元大-松江,0,931,0,15003
9814,元大-大益,0,953,0,11137
9817,元大-東泰,0,896,0,9249
9831,元大-四維,0,1023,0,18183
9834,元大-中壢,0,1187,0,41398
9835,元大-員林中山,0,791,0,10642
9853,元大-南屯,0,885,0,16819
9867,元大-北成功,0,858,0,9300
9871,元大-忠孝,0,935,0,15247
9879,元大-板橋三民,0,824,0,8123
9889,元大-員林,0,768,0,8229
9896,元大-台南,0,909,0,10427
9897,元大-土城,0,787,0,11300
9894,元大-桃興,0,806,0,9342
9899,元大-淡水,0,800,0,10895
0039003800380043,元大-三重,0,420,0,2794
003900380031006a,元大-士林,0,899,0,20289
0039003800330047,元大-上新莊,0,609,0,5126
003900380033004e,元大-大安,0,596,0,5816
0039003800330057,元大-大里德芳,0,791,0,9717
003900380039005a,元大-小港,0,839,0,12882
0039003800320043,元大-六合,0,881,0,14360
003900380039004e,元大-內湖,0,991,0,13296
003900380033004d,元大-木柵,0,510,0,5096
0039003800390056,元大-北三重,0,624,0,5937
0039003800390064,元大-北屯,0,781,0,7340
0039003800390041,元大-北投,0,866,0,13017
003900380039004c,元大-成功,0,920,0,13414
0039003800310052,元大-竹山,0,666,0,6490
0039003800310042,元大-竹北,0,738,0,29676
0039003800330066,元大-竹東,0,515,0,3770
0039003800330056,元大-竹南,0,666,0,4896
003900380030004b,元大-竹科,0,966,0,16809
0039003800300077,元大-西屯,0,665,0,5388
0039003800300064,元大-沙鹿,0,904,0,12984
0039003800310065,元大-佳里,0,717,0,7256
0039003800300061,元大-承德,0,751,0,12055
0039003800310058,元大-東門,0,526,0,4273
0039003800330042,元大-林森,0,712,0,8021
0039003800310070,元大-松山,0,861,0,8444
003900380030006c,元大-虎尾,0,629,0,9720
003900380031004e,元大-金門,0,604,0,5376
0039003800310044,元大-南投,0,851,0,9424
0039003800310068,元大-屏東民生,0,900,0,9217
003900380031004d,元大-苗栗,0,635,0,5000
0039003800380042,元大-桃園,0,892,0,12546
0039003800310053,元大-崇德,0,810,0,10841
0039003800300065,元大-清水,0,762,0,6629
003900380031004c,元大-莒光,0,792,0,6589
0039003800390053,元大-鹿港,0,812,0,10480
0039003800310045,元大-發財,0,850,0,9041
0039003800300044,元大-開元,0,879,0,6947
0039003800340043,元大-新店中正,0,758,0,7671
0039003800370041,元大-楊梅,0,914,0,13633
0039003800310071,元大-萬華,0,780,0,6889
003900380039004a,元大-彰化民生,0,773,0,12280
003900380031006e,元大-旗山,0,670,0,6300
0039003800310046,元大-福營,0,796,0,11617
0039003800350043,元大-鳳中,0,831,0,7011
003900380031005a,元大-潮州,0,692,0,6069
003900380039006a,元大-樹林,0,1026,0,21166
0039003800330055,元大-頭份,0,775,0,7945
0039003800390057,元大-豐原站前,0,912,0,10874
0039003800390049,元大-蘆洲,0,870,0,11046
0039003800310041,元大-鶯歌,0,542,0,3644
1024,合庫-嘉義,0,546,0,4244
0031003000320043,合庫-自強,0,830,0,9313
0031003000320041,合庫-新竹,0,484,0,3952
1038,土銀-和平,0,238,0,928
0031003000330046,土銀-南港,0,337,0,2652
1117,台灣企銀-竹北,0,360,0,3491
0031003100310043,台灣企銀-三民,4,179,13,1014
0031003100310046,台灣企銀-北高雄,0,245,0,1254
1160,日盛證券,0,1214,0,51110
1164,日盛-內湖,0,549,0,6414
0031003100360045,日盛-三重,0,680,0,7388
003100310036004a,日盛-板橋中山,0,626,0,8190
0031003100360069,日盛-樹林,0,981,0,18984
1230,彰銀,0,415,0,2173
1261,宏遠-民生,0,361,0,1634
0031003200360044,宏遠-台南,0,646,0,6327
0031003200360055,宏遠-館前,0,770,0,9934
5261,大慶-蘆洲,0,769,0,8581
5269,大慶-台中,0,488,0,2693
5380,第一金,0,660,0,10519
5386,第一金-彰化,0,560,0,4666
5387,第一金-澎湖,0,607,0,4191
5460,寶盛,0,290,0,2327
5600,永興,0,609,0,3868
5603,永興-台中,0,511,0,2650
0035003800350063,統一-仁愛,0,910,0,25941
003500380035006d,統一-竹南,0,484,0,3619
003500380035005a,統一-松江,0,586,0,6063
5860,盈溢,3,232,6,765
5870,光隆,0,746,0,6466
0035003900320056,元富-民權,0,636,0,7269
0035003900320042,元富-永和,0,681,0,6300
0035003900320077,元富-佳里,0,667,0,4850
0035003900320064,元富-延平,0,528,0,4228
0035003900320051,元富-敦南,0,912,0,17203
5960,日茂,0,664,0,4877
5962,日茂-南投,0,396,0,2104
6160,中國信託,0,949,0,21299
6480,福邦證券,0,373,0,4244
6915,德信-和平,0,452,0,2498
7790,國票,0,1041,0,18649
0037003700390063,國票-敦北法人,0,830,0,23278
8150,台新證券,0,1378,0,99860
0038003100350048,台新-屏東,0,578,0,5440
8380,安泰,0,914,0,9075
8450,康和,0,735,0,18286
8451,康和-延平,0,511,0,3764
0038003400350041,康和-內湖,0,818,0,34093
0038003400350052,康和-石牌,0,615,0,5336
0038003400350053,康和-南崁,0,522,0,8535
8580,聯邦商銀,0,470,0,4738
8581,聯邦-高雄,2,385,2,2133
8582,聯邦-嘉義,1,272,1,1009
8583,聯邦-敦化,2,232,2,808
8843,玉山-高雄,0,1034,0,17902
8849,玉山-台大,0,839,0,11996
8880,國泰證券,0,1269,0,86509
8885,國泰-桃園,0,719,0,8772
8960,香港上海匯豐,0,314,0,36197
9135,群益金鼎-經國,0,915,0,20469
9186,群益金鼎-新竹,0,741,0,8308
0039003100380046,群益金鼎-新店,0,647,0,7346
0039003100330049,群益金鼎-萬華,0,570,0,4594
9207,凱基-永和,0,611,0,6304
9223,凱基-豐中,0,765,0,8511
9231,凱基-員林,0,452,0,10102
9232,凱基-建成,0,634,0,7846
9235,凱基-永華,0,566,0,5138
9254,凱基-科園,0,685,0,8320
9276,凱基-苗栗,0,484,0,2827
9283,凱基-北門,0,600,0,8214
003900320030005a,凱基-台東,0,715,0,6023
0039003200310053,凱基-幸福,0,738,0,8304
0039003200310059,凱基-東勢,0,668,0,7254
0039003200300046,凱基-站前,0,975,0,11793
9307,華南永昌-大安,0,831,0,18756
9314,華南永昌-嘉義,0,468,0,2938
9337,華南永昌-內壢,0,602,0,3915
9359,華南永昌-中正,0,984,0,30865
9654,富邦-永和,0,866,0,8393
9816,元大-新竹,0,822,0,10897
9859,元大-新竹經國,0,1025,0,16099
9862,元大-南京,0,914,0,15788
9891,元大-永和,0,916,0,11064
9893,元大-大天母,0,826,0,9774
0039003800390055,元大-大甲,0,796,0,7320
0039003800310067,元大-大里,0,1120,0,16648
0039003800310049,元大-天母,0,783,0,9393
0039003800390042,元大-台中中港,0,804,0,6220
0039003800310056,元大-民雄,0,575,0,4703
0039003800300052,元大-南海,0,632,0,4313
003900380034004b,元大-館前,0,878,0,10418
1022,合庫-台南,0,729,0,9261
1028,合庫-彰化,0,570,0,3983
1029,合庫-鳳山,0,577,0,5045
0031003000320046,合庫-西台中,0,684,0,8373
0031003000320045,合庫-桃園,0,757,0,9052
1033,土銀-高雄,0,331,0,2078
1035,土銀-新竹,0,667,0,5175
0031003000330043,土銀-白河,1,290,1,1150
0031003000330041,土銀-建國,0,426,0,2573
1045,臺銀-新竹,0,812,0,9605
0031003000340044,臺銀-金山,0,879,0,11131
0031003000340043,臺銀-高雄,0,909,0,12598
1115,台灣企銀-太平,0,496,0,4606
1116,台灣企銀-屏東,0,291,0,799
0031003100310041,台灣企銀-民雄,0,384,0,2239
1161,日盛-忠孝,0,911,0,15738
1162,日盛-台南,0,805,0,15144
1163,日盛-台中,0,936,0,21311
1168,日盛-高雄,0,890,0,11082
1169,日盛-士林,0,887,0,11076
0031003100360051,日盛-二林,0,708,0,7672
003100310036004c,日盛-大墩,0,807,0,9269
003100310036006b,日盛-北高雄,0,792,0,10055
003100310036004e,日盛-永康,0,702,0,7824
0031003100360058,日盛-宜蘭,0,559,0,8441
003100310036004b,日盛-花蓮,0,749,0,6524
0031003100360050,日盛-信義,0,699,0,5270
0031003100360046,日盛-員林,0,961,0,17125
0031003100360047,日盛-景美,0,1012,0,12579
0031003100360062,日盛-園區,0,639,0,5970
1233,彰銀-台中,0,575,0,6759
1260,宏遠證券,0,810,0,41444
1262,宏遠-桃園,0,683,0,5194
0031003200360048,宏遠-中和,0,500,0,2980
0031003200360051,宏遠-高雄,0,681,0,6281
1360,港商麥格理,0,333,0,38976
1480,美商高盛,0,1522,0,178238
5050,大展,0,843,0,12865
5110,富隆,2,326,2,2280
5262,大慶-楊梅,0,773,0,8158
5265,大慶-苗栗,0,564,0,6876
5266,大慶-中壢,0,588,0,5155
5268,大慶-台南,0,502,0,3729
0035003200360041,大慶-中和,0,408,0,2849
5321,高橋-龍潭,0,794,0,7461
5381,第一金-員林,0,588,0,6229
5382,第一金-台中,0,728,0,16123
5389,第一金-中山,0,471,0,2862
0035003300380046,第一金-大稻埕,0,574,0,12943
0035003300380043,第一金-光復,0,672,0,5363
0035003300380045,第一金-自由,0,749,0,8686
0035003300380041,第一金-新興,0,722,0,13268
0035003300380050,第一金-路竹,0,837,0,12607
0035003300380049,第一金-頭份,0,566,0,6144
5604,永興-大墩,0,342,0,2020
5660,日進,0,693,0,6458
5853,統一-中壢,0,804,0,8514
5858,統一-嘉義,0,737,0,17102
5859,統一-屏東,0,795,0,6081
003500380035004a,統一-三重,0,1080,0,27263
003500380035004d,統一-士林,0,905,0,18568
0035003800350062,統一-內湖,0,718,0,12990
0035003800350056,統一-古亭,0,567,0,4806
0035003800350042,統一-永和,0,511,0,5088
0035003800350044,統一-新台中,0,673,0,8474
0035003800350068,統一-新桃園,0,666,0,5716
0035003800350046,統一-彰化,0,688,0,6734
5920,元富,0,906,0,30230
5921,元富-高雄,0,811,0,9319
5923,元富-三重,0,744,0,7167
0035003900320044,元富-大昌,0,992,0,12536
003500390032006c,元富-大裕,0,928,0,14805
0035003900320075,元富-世貿,0,655,0,6796
003500390032005a,元富-安南,0,717,0,7379
003500390032006d,元富-成功,0,907,0,11885
0035003900320055,元富-宜蘭,0,731,0,9534
0035003900320062,元富-板橋,0,985,0,15951
003500390032006e,元富-西松,0,641,0,6742
0035003900320072,元富-城東,0,838,0,15402
0035003900320059,元富-埔里,0,445,0,3352
0035003900320063,元富-烏日,0,651,0,5729
0035003900320058,元富-草屯,0,671,0,9062
0035003900320053,元富-基隆,0,571,0,4679
0035003900320047,元富-新竹,0,685,0,6750
003500390032006f,元富-新興,0,739,0,11392
0035003900320049,元富-嘉義,0,818,0,8304
003500390032004d,元富-彰化,0,638,0,3797
0035003900320041,元富-緯城,0,935,0,19387
5961,日茂-埔里,0,212,0,1849
6010,(牛牛牛)亞證券,1,185,1,767
6114,台中銀-員林,0,618,0,4304
6161,中國信託-三重,0,629,0,7282
6163,中國信託-永康,0,902,0,10660
6165,中國信託-新竹,0,880,0,9724
003600310036004b,中國信託-高雄,0,896,0,12986
6168,中國信託-嘉義,0,634,0,5375
6167,中國信託-松江,0,501,0,6609
6380,光和,0,600,0,6405
6383,光和-和美,0,332,0,1867
0036003300380044,光和-高雄,0,728,0,5517
6451,永全-南崁,0,610,0,15295
6452,永全-八德,0,546,0,4452
6450,永全,0,677,0,4717
6462,大昌-安康,0,696,0,7830
6463,大昌-新竹,0,691,0,8818
6465,大昌-桃園,0,694,0,24851
6620,全泰證券,1,144,1,351
6910,德信,0,659,0,5461
6912,德信-中正,0,748,0,6867
6914,德信-三重,1,449,5,2322
7080,石橋證券,0,390,0,1571
7791,國票-台東,0,559,0,11948
7792,國票-北投,0,562,0,4421
7795,國票-南港,0,661,0,7963
7797,國票-中正,0,819,0,11745
0037003700390056,國票-天祥,0,750,0,5997
003700370039004a,國票-北高雄,0,781,0,14040
0037003700390076,國票-台中,0,766,0,16781
003700370039005a,國票-安和,0,966,0,25936
0037003700390065,國票-南科,0,746,0,8494
0037003700390045,國票-南崁,0,634,0,8072
0037003700390072,國票-桃園,0,625,0,7124
003700370039007a,國票-博愛,0,882,0,16326
8151,台新-建北,0,710,0,12185
8152,台新-新莊,0,751,0,8604
8156,台新-三民,0,908,0,10825
8157,台新-左楠,0,908,0,9634
0038003100350053,台新-中壢,0,751,0,8841
8381,安泰-大發,0,460,0,3010
8382,安泰-楠梓,0,302,0,1783
0038003400350046,康和-仁愛,0,632,0,14938
0038003400350055,康和-台北,0,592,0,6864
0038003400350044,康和-板橋,0,915,0,14014
0038003400350058,康和-屏東,9,335,25,6806
003800340035004a,康和-高雄,0,765,0,7985
8561,新光-台中,0,1293,0,80809
8562,新光-高雄,0,1098,0,33594
8588,聯邦-富強,0,153,0,591
8710,陽信,0,609,0,5546
8711,陽信-石牌,0,795,0,11214
8842,玉山-新莊,0,838,0,13273
8847,玉山-台南,0,963,0,15648
0038003800340044,玉山-左營,0,864,0,11581
0038003800340043,玉山-南京東路,0,607,0,6354
8882,國泰-台中,0,1131,0,22251
8886,國泰-新莊,0,626,0,5006
003800380038004b,國泰-板橋,0,1177,0,24903
0038003800380041,國泰-館前,0,1132,0,23740
9101,群益金鼎-敦南,0,763,0,8674
9108,群益金鼎-海山,0,826,0,11558
9136,群益金鼎-西松,0,761,0,9534
9137,群益金鼎-士林,0,669,0,5673
9184,群益金鼎-台中,0,761,0,6405
9189,群益金鼎-桃園,0,821,0,9723
0039003100380041,群益金鼎-中壢,0,840,0,8599
0039003100380064,群益金鼎-內湖,0,761,0,10980
0039003100380050,群益金鼎-天母,0,388,0,3254
0039003100330052,群益金鼎-北高雄,0,815,0,9086
0039003100380043,群益金鼎-古亭,0,862,0,12583
0039003100380069,群益金鼎-竹南,0,755,0,7197
0039003100380044,群益金鼎-東門,0,850,0,7445
0039003100380042,群益金鼎-板橋,0,672,0,12586
0039003100330067,群益金鼎-南三重,0,739,0,8859
0039003100380045,群益金鼎-南京,0,568,0,4246
0039003100330048,群益金鼎-屏東,0,585,0,5176
003900310038004c,群益金鼎-建成,0,668,0,7426
0039003100330055,群益金鼎-崇德,0,624,0,5197
0039003100380075,群益金鼎-瑞豐,0,830,0,9056
003900310038004d,群益金鼎-嘉義,0,943,0,12118
0039003100380063,群益金鼎-鳳山,0,893,0,12268
0039003100330059,群益金鼎-館前,0,708,0,8703
9202,凱基-中港,0,946,0,17298
9204,凱基-台中,0,762,0,14000
9205,凱基-三重,0,1099,0,22387
9206,凱基-高雄,0,922,0,16249
9208,凱基-桃園,0,1162,0,27429
9209,凱基-岡山,0,643,0,5511
9211,凱基-台南,0,923,0,21448
9215,凱基-高美館,0,986,0,15915
9216,凱基-信義,0,772,0,12066
9218,凱基-大直,0,844,0,14619
9224,凱基-新莊,0,478,0,5614
9226,凱基-汐止,0,632,0,5644
9227,凱基-城中,0,949,0,46359
9233,凱基-長庚,0,857,0,9535
9234,凱基-竹北,0,931,0,11994
9236,凱基-虎尾,0,758,0,32559
9237,凱基-敦北,0,618,0,8674
9238,凱基-士林,0,828,0,16793
9239,凱基-市政,0,853,0,41450
9257,凱基-林口,0,649,0,7091
9258,凱基-羅東,0,477,0,6245
9259,凱基-澄新(停),0,563,0,4235
9266,凱基-新豐,0,686,0,6916
9272,凱基-竹科,0,977,0,14489
9274,凱基-鳳山,0,828,0,14311
9275,凱基-三多,0,579,0,6270
9278,凱基-永康,0,689,0,7171
9285,凱基-中壢,0,1045,0,17109
9289,凱基-興隆,0,585,0,4500
9296,凱基-頭份,0,569,0,4621
9298,凱基-延平,0,406,0,3150
0039003200310045,凱基-三峽,0,695,0,6211
0039003200300057,凱基-大里,0,730,0,16474
0039003200310046,凱基-天母,0,388,0,4702
0039003200310043,凱基-民權,0,438,0,6041
003900320030004d,凱基-宜蘭,0,659,0,8825
0039003200320043,凱基-屏東,0,650,0,7771
003900320030004e,凱基-湖口,0,757,0,9884
0039003200300047,凱基-彰化,0,860,0,9727
0039003200300043,凱基-雙和,0,662,0,11628
9302,華南永昌-台中,0,1131,0,25223
9305,華南永昌-新莊,0,529,0,6405
9308,華南永昌-麻豆,0,829,0,9232
9309,華南永昌-古亭,0,621,0,4939
9312,華南永昌-民權,0,687,0,9608
9316,華南永昌-淡水,0,662,0,4614
9319,華南永昌-鶯歌,0,689,0,8984
9322,華南永昌-公誠,0,1021,0,13212
9323,華南永昌-小港,0,637,0,9431
9324,華南永昌-岡山,0,847,0,12521
9325,華南永昌-忠孝,0,525,0,5127
9327,華南永昌-斗六,0,613,0,5382
9328,華南永昌-潮州,0,678,0,6605
9334,華南永昌-世貿,0,630,0,4498
9343,華南永昌-頭份,0,630,0,5405
9347,華南永昌-敦南,0,751,0,13436
9358,華南永昌-東勢,0,598,0,5305
9362,華南永昌-苗栗,0,710,0,14349
9369,華南永昌-三重,0,592,0,5701
9377,華南永昌-虎尾,0,716,0,8075
9600,富邦證券,0,665,0,41655
9604,富邦-陽明,0,998,0,15716
9623,富邦-台北,0,1297,0,56614
9627,富邦-內湖,0,798,0,7760
9647,富邦-新竹華信,0,1052,0,19527
9651,富邦-民生,0,1041,0,18932
9658,富邦-建國,0,1019,0,28874
9672,富邦-員林,0,942,0,16017
9676,富邦-仁愛,0,1009,0,23678
9677,富邦-三重,0,740,0,6628
9686,富邦-宜蘭,0,737,0,9501
9692,富邦-嘉義,0,1002,0,86129
9693,富邦-新營,0,598,0,5395
0039003600390043,富邦-北港,0,742,0,11505
0039003600360046,富邦-左營,0,782,0,9192
0039003600350055,富邦-彰化,0,740,0,7050
9812,元大-台中,0,878,0,8492
9813,元大-八德,0,792,0,11151
9815,元大-大灣,0,666,0,6387
9822,元大-土城學府,0,704,0,5270
9824,元大-向上,0,536,0,6248
9825,元大-新營,0,673,0,5581
9829,元大-永康,0,562,0,5129
9833,元大-敦化,0,743,0,11850
9837,元大-北港,0,735,0,7321
9838,元大-豐原,0,848,0,10196
9852,元大-大松山,0,900,0,12058
9854,元大-文心興安,0,895,0,9058
9856,元大-花蓮,0,851,0,21479
9858,元大-龍潭,0,991,0,17323
9863,元大-新和平,0,778,0,8353
9868,元大-文心,0,635,0,5503
9869,元大-新盛,0,808,0,11666
9874,元大-雙和,0,1042,0,20737
9875,元大-土城永寧,0,971,0,17032
9873,元大-西門,0,711,0,5683
9884,元大-鎮北,0,809,0,11072
9888,元大-鑫永和,0,652,0,4562
9892,元大-屏東,0,767,0,6762
9898,元大-新莊,0,1041,0,17428
0039003800390047,元大-大同,0,906,0,15277
003900380031007a,元大-大統,0,780,0,7467
0039003800330069,元大-大雅,0,977,0,14761
0039003800390065,元大-中和,0,745,0,6328
003900380033006a,元大-仁愛,0,739,0,5433
0039003800310051,元大-太平,0,797,0,8631
0039003800300043,元大-斗六,0,876,0,12159
003900380039006b,元大-古亭,0,715,0,6964
0039003800300068,元大-台北,0,810,0,9377
0039003800390044,元大-左營,0,872,0,9256
0039003800390058,元大-民生,0,648,0,5473
0039003800390051,元大-汐止,0,976,0,16793
0039003800310069,元大-西螺,0,574,0,5174
0039003800300075,元大-府城,0,661,0,5829
0039003800390066,元大-東港,0,596,0,4656
003900380031004b,元大-林園,0,538,0,4556
0039003800390043,元大-板橋,0,877,0,7889
003900380039006d,元大-信義,0,703,0,10800
003900380031006d,元大-前金,0,939,0,13772
0039003800300051,元大-南崁,0,557,0,6030
0039003800340045,元大-南勢角,0,478,0,2291
0039003800310072,元大-屏南,0,688,0,6446
0039003800390061,元大-苑裡,0,680,0,6300
0039003800390045,元大-草屯,0,971,0,15730
0039003800390046,元大-高雄,0,881,0,8934
0039003800390059,元大-基隆,0,654,0,4895
003900380036004b,元大-基隆孝二,0,865,0,8338
0039003800320042,元大-博愛,0,967,0,17191
0039003800390050,元大-敦南,0,861,0,14718
0039003800340048,元大-景美,0,783,0,9285
0039003800310079,元大-善化,0,847,0,10012
0039003800310055,元大-華山,0,496,0,5316
0039003800310043,元大-路竹,0,645,0,5975
0039003800390067,元大-嘉義,0,876,0,12888
0039003800310047,元大-彰化,0,914,0,8991
003900380033005a,元大-鳳山,0,778,0,5900
003900380033004b,元大-學甲,0,601,0,5013
0039003800310061,元大-歸仁,0,841,0,8260
0039003800320041,元大-羅東,0,723,0,7125
1043,臺銀-民權,0,901,0,16654
1112,台灣企銀-台南,0,315,0,1848
5260,大慶,0,575,0,5522
6385,光和-花壇,0,388,0,1862
003700370039006d,國票-中港,0,595,0,5366
003700370039006a,國票-和平,0,694,0,5513
0037003700390075,國票-長城,0,867,0,16175
8458,康和-台南,0,668,0,4616
8459,康和-嘉義,0,831,0,19628
8585,聯邦-三重,0,332,0,1864
9255,凱基-和平,0,720,0,9049
9634,富邦-羅東,0,966,0,12873
9878,元大-金華,0,713,0,6622
1166,日盛-雙和,0,938,0,14812
5855,統一-台南,0,681,0,6706
0035003800350050,統一-板橋,0,671,0,22461
003500390032004c,元富-中壢,0,546,0,4714
8159,台新-台南,0,908,0,13166
9103,群益金鼎-松山,0,617,0,10814
0039003100380067,群益金鼎-大甲,0,874,0,10044
9297,凱基-文心,0,666,0,11551
1232,彰銀-七賢,0,345,0,1241
0035003300380059,第一金-中壢,0,630,0,5163
0035003900320067,元富-中原,0,611,0,10756
6162,中國信託-忠孝,0,854,0,15140
6464,大昌-新店,0,1082,0,20782
0037003700390057,國票-彰化,0,449,0,10694
8455,康和-台中,0,814,0,10939
003800380034004a,玉山-大里,0,734,0,7107
9105,群益金鼎-高盛,0,773,0,11618
0039003100380065,群益金鼎-大安,0,798,0,30021
9333,華南永昌-長虹,0,857,0,6900
0031003100360073,日盛-土城,0,539,0,3999
003500330038004e,第一金-豐原,0,675,0,9702
5857,統一-新竹,0,828,0,12168
0035003900320069,元富-中港,0,577,0,6452
6115,台中銀-台北,0,307,0,12413
6913,德信-新營,0,556,0,3356
7750,北城,0,836,0,16320
0038003100350059,台新-新營,0,851,0,12219
8844,玉山-松江,0,794,0,7941
0038003800340041,玉山-士林,0,674,0,8614
9100,群益金鼎,0,1019,0,35940
9183,群益金鼎-高雄,0,788,0,11226
9349,華南永昌-合泰,0,686,0,5757
9364,華南永昌-和平(停),1,324,1,2023
9621,富邦-花蓮,0,570,0,5976
0039003800320046,元大-忠孝鼎富,0,371,0,4690
1118,台灣企銀-豐原,1,358,3,7841
1650,新加坡商瑞銀,0,1099,0,163985
003500330038006a,第一金-安和,0,492,0,3312
8900,法銀巴黎,0,25,0,1799
9872,元大-復北,0,840,0,11452
1034,土銀-嘉義,0,363,0,1982
003100310036006d,日盛-和美,0,902,0,13451
0031003100360048,日盛-新竹,0,861,0,9843
5112,富隆-長安,0,443,0,3014
5922,元富-新店,0,862,0,12680
0036003300380041,光和-嘉義,0,601,0,4082
8890,大和國泰,0,73,0,6038
0039003100380078,群益金鼎-延平,0,628,0,9366
0039003200300048,凱基-基隆,0,804,0,13053
9303,華南永昌-高雄,0,883,0,11712
9339,華南永昌-竹北,0,596,0,15072
003900360035004b,富邦-台中,0,985,0,17998
9857,元大-東蘆,0,1012,0,17007
0039003800380056,元大-長庚,0,56,0,141
5926,元富-四維,0,609,0,5367
0035003900320079,元富-花蓮,0,660,0,19445
6489,福邦-新竹,0,76,0,1033
8587,聯邦-興中,0,241,0,2060
9614,富邦-基隆,0,686,0,5555
5058,大展-台南,0,61,0,350
0036003100310041,台中銀-豐原,0,727,0,7129
6386,光和-虎尾,0,48,0,589
8770,大鼎,0,202,0,15311
1570,港商法國興業,0,87,0,4475
2200,元大期貨,0,5,0,9
2210,群益期貨,0,4,0,48
1530,港商德意志,0,1,0,129
